Mode,Epoch,Total Loss,Cross Entropy Loss,KL Div,KL Div * Beta,Reg Loss,Reg Loss * Gamma,Delta
train,900,13.09699246301522,8.363932805317816,0.3020117215694982,0.0034003122216857843,9.857425689697266,0.0,1.0
test,900,8.868855664602293,4.797428458356674,0.30951165533685066,0.0034847530384806845,9.571922302246094,0.0,1.0
train,901,10.335303800340716,5.813679566367659,0.3004523890383986,0.003386511170932194,9.815041542053223,0.0,1.0
train,902,10.264992113040124,5.741728530364555,0.30017913918856337,0.003387183133763503,9.579792976379395,0.0,1.0
train,903,10.235676703329187,5.708290030308098,0.30092260456329467,0.003399333458663921,9.320378303527832,0.0,1.0
train,904,10.241066263396357,5.712210327550426,0.3005168717988367,0.0033985062359797105,9.515788078308105,0.0,1.0
train,905,10.224433107163241,5.699479896944607,0.2999629178764268,0.003395990804604995,9.961793899536133,0.0,1.0
train,906,10.213927307715139,5.681072258835872,0.2998806778607332,0.0033988078686837337,9.869338035583496,0.0,1.0
train,907,10.220268787589214,5.691283693952173,0.29940352246214347,0.003397142022395581,9.664156913757324,0.0,1.0
train,908,10.222493609970321,5.684763411833522,0.30056245833842515,0.003414048388334296,9.658973693847656,0.0,1.0
train,909,10.209829130148304,5.675565270857631,0.30000227151054887,0.0034114349551727136,9.519024848937988,0.0,1.0
train,910,10.224304434409563,5.69431519046006,0.29863542346696126,0.0033996245983771603,9.780547142028809,0.0,1.0
train,911,10.207541011080304,5.66288623886583,0.29980285482619473,0.003416661637380621,9.95875358581543,0.0,1.0
train,912,10.228352303126336,5.688814198800682,0.2992511348675512,0.0034141143025450114,9.64387035369873,0.0,1.0
train,913,10.218408653337441,5.682489299529906,0.2994749583562913,0.0034204109360285134,10.093287467956543,0.0,1.0
train,914,10.169745923309941,5.630223653537207,0.29916544166450487,0.0034206150289165117,9.91850471496582,0.0,1.0
train,915,10.136184416714057,5.59764778592235,0.29922756623576247,0.0034250653229550092,9.677728652954102,0.0,1.0
train,916,10.198548395119872,5.651107682005809,0.2994234173715747,0.0034310495232653558,9.993428230285645,0.0,1.0
train,917,10.19365157411075,5.647030107014527,0.2990245211922638,0.0034302160625208308,9.739684104919434,0.0,1.0
train,918,10.17762396163745,5.628746046672755,0.2989397513050759,0.0034329800103741746,9.466219902038574,0.0,1.0
train,919,10.192755278675625,5.633878303804199,0.29973365498950005,0.003445843379205608,9.38446044921875,0.0,1.0
train,920,10.172563314525103,5.618548720213593,0.29948297857234996,0.0034467046779423902,9.425747871398926,0.0,1.0
test,920,8.590879499269008,4.503980246893292,0.3066320592009086,0.0035289823745343766,9.588107109069824,0.0,1.0
train,921,10.139694353795253,5.595924123407413,0.2980522130637478,0.0034339634924167445,9.783295631408691,0.0,1.0
train,922,10.110693674405066,5.564073514467275,0.29779837936697273,0.0034347610933658105,9.65771770477295,0.0,1.0
train,923,10.136128510741406,5.58032381774478,0.29900463605337074,0.0034524110582274527,9.715876579284668,0.0,1.0
train,924,10.207173644078768,5.6342257441420545,0.29953718761188663,0.0034623039233417177,9.740737915039062,0.0,1.0
train,925,10.142201650461084,5.591869925126635,0.2979244144242891,0.0034473858108209072,9.297924995422363,0.0,1.0
train,926,10.117432226857291,5.563839512869329,0.29784879813558923,0.00345023356641696,9.425755500793457,0.0,1.0
train,927,10.113746191179015,5.566025187844459,0.2976736535617732,0.0034519252678366008,9.719340324401855,0.0,1.0
train,928,10.106083527965245,5.545218877028162,0.29811877345934135,0.00346081314208574,9.7922945022583,0.0,1.0
train,929,10.112274701718311,5.547802877304016,0.2982935481484975,0.0034665703699731255,9.59619140625,0.0,1.0
train,930,10.132821375836045,5.5693097412913355,0.2968422987065907,0.0034534150662789364,9.639920234680176,0.0,1.0
train,931,10.112423306718833,5.548853824307009,0.29774065223579393,0.00346758775123237,9.471315383911133,0.0,1.0
train,932,10.15531395801554,5.590452862099942,0.29725528121038186,0.003465650276510443,9.424590110778809,0.0,1.0
train,933,10.079652939791911,5.5195000010273025,0.2968831632846535,0.003465022483450937,9.522198677062988,0.0,1.0
train,934,10.105895875357813,5.53787698756196,0.2983640467688752,0.0034860355464697043,9.767321586608887,0.0,1.0
train,935,10.089725430178373,5.523894962180982,0.29722781273806614,0.003476474954497391,9.670236587524414,0.0,1.0
train,936,10.129028189457078,5.549887731491407,0.29791807823027616,0.003488272131925004,9.698188781738281,0.0,1.0
train,937,10.079659576081026,5.512610721971978,0.29676566209454613,0.0034784878871215886,9.592708587646484,0.0,1.0
train,938,10.027712593748593,5.456313126609738,0.2966939568127026,0.0034813557095327023,9.89481258392334,0.0,1.0
train,939,10.09033571090447,5.506700858413803,0.2978407220878838,0.003498534292179865,9.7329740524292,0.0,1.0
train,940,10.084032885024193,5.514563752058177,0.29698335806005305,0.0034921753353405038,9.531050682067871,0.0,1.0
test,940,8.579905996118535,4.459478216064855,0.3031484025781107,0.003564669014945553,9.67056655883789,0.0,1.0
train,941,10.05501313040294,5.478784549293001,0.296907525423722,0.003494994605573988,9.38375473022461,0.0,1.0
train,942,10.037067997468682,5.462347628736165,0.2964677876969026,0.003493523787187984,9.803511619567871,0.0,1.0
train,943,10.073595337321633,5.487366565714116,0.2976227392872916,0.003510853443937888,9.416125297546387,0.0,1.0
train,944,10.05913777775351,5.478261055023383,0.2965005985599187,0.003501322198286339,9.860339164733887,0.0,1.0
train,945,10.008398290174242,5.430981577075187,0.2961103388384677,0.003500414700580032,9.63310718536377,0.0,1.0
train,946,10.043616693708167,5.467722396208522,0.2958681599979561,0.0035012498094766135,9.436362266540527,0.0,1.0
train,947,10.060709233777757,5.471255366984541,0.2964632513756024,0.0035119974322986346,9.887690544128418,0.0,1.0
train,948,10.017200995486078,5.430365363189775,0.2962290069099926,0.0035129249905793236,9.507433891296387,0.0,1.0
train,949,10.005750441525038,5.425069329505694,0.2956915463539344,0.0035102471199902245,9.69498348236084,0.0,1.0
train,950,9.995789567324167,5.414305624489029,0.2957057785385919,0.00351411202731915,9.3578462600708,0.0,1.0
train,951,10.005340120795006,5.420528580755966,0.2959708050847533,0.0035209608182013084,9.930414199829102,0.0,1.0
train,952,10.004056488076191,5.418676991188783,0.29534715581978366,0.003517233162698198,9.6390380859375,0.0,1.0
train,953,10.00598816918751,5.409421578109635,0.2958407215351505,0.0035268085822433037,9.674696922302246,0.0,1.0
train,954,10.02430563430144,5.422487071177221,0.29659144921133557,0.0035394652610341057,9.61308479309082,0.0,1.0
train,955,9.99508796207555,5.402663319179788,0.29514125987282175,0.003525847877451565,9.637961387634277,0.0,1.0
train,956,9.966842775592601,5.375254173571925,0.2946467854974037,0.003523623451640279,9.768460273742676,0.0,1.0
train,957,9.954561852204943,5.353350904892531,0.29568794591061326,0.003539770215709522,9.865358352661133,0.0,1.0
train,958,9.991776316322078,5.39020639664517,0.29514826395290916,0.0035369985034295333,9.666816711425781,0.0,1.0
train,959,9.968025439220865,5.371154829821568,0.2951909695795243,0.0035411997973555593,9.867411613464355,0.0,1.0
train,960,10.00835854153122,5.405035120115758,0.29504990185131486,0.0035431952613520705,9.45142936706543,0.0,1.0
test,960,8.506287586106795,4.34767031700144,0.3039238906896635,0.0036497612185140316,9.726364135742188,0.0,1.0
train,961,9.950462966971985,5.355109640847969,0.294523893063905,0.003540559707534255,9.57483959197998,0.0,1.0
train,962,9.970880557973437,5.371029889762424,0.294802101461869,0.0035475887915665865,9.678011894226074,0.0,1.0
train,963,9.96573879445729,5.35767361989529,0.29440264557029927,0.0035464614853235755,9.542353630065918,0.0,1.0
train,964,9.969076814731748,5.364171647519538,0.29428726807645594,0.0035487498368440267,9.694002151489258,0.0,1.0
train,965,9.9511139615307,5.33778712987638,0.29546663624176905,0.0035666645593987914,9.522384643554688,0.0,1.0
train,966,9.967579923616501,5.360243896752367,0.2942152131489245,0.0035552355860348763,9.730262756347656,0.0,1.0
train,967,9.942234238206883,5.332154827766963,0.2941122651754436,0.003557667619759398,9.895548820495605,0.0,1.0
train,968,9.91317400285014,5.308893320283914,0.29384059745489877,0.003558054088055904,9.525301933288574,0.0,1.0
train,969,9.897082965626108,5.295519653275647,0.29380343800449477,0.0035612763077952046,9.928668022155762,0.0,1.0
train,970,9.959374486418639,5.3366661141566905,0.2948878770165944,0.003578106836045491,9.222611427307129,0.0,1.0
train,971,9.954391941499065,5.340303177454949,0.2939529488734871,0.0035704366610489896,9.68256664276123,0.0,1.0
train,972,9.908234915539671,5.301229991277757,0.29348055800805367,0.003568367006499953,9.689462661743164,0.0,1.0
train,973,9.888511916983054,5.276323560651213,0.29379591678377914,0.0035758734677667635,9.325197219848633,0.0,1.0
train,974,9.921451717604223,5.299053913762706,0.29362219242747783,0.0035774289297095365,9.642822265625,0.0,1.0
train,975,9.910977715674749,5.293233252426577,0.29326568293649985,0.003576750750066879,9.450942039489746,0.0,1.0
train,976,9.930337533905442,5.3084410727787406,0.293695502869166,0.0035856637815190164,9.705355644226074,0.0,1.0
train,977,9.908966635680661,5.282080283585461,0.29377875343766613,0.0035903520365892384,9.52910041809082,0.0,1.0
train,978,9.905668223772214,5.289655152930473,0.29308733362615913,0.0035855652276506997,9.546771049499512,0.0,1.0
train,979,9.949660099167724,5.322502334432815,0.29373259671738505,0.0035971305230309406,10.113862037658691,0.0,1.0
train,980,9.9034294375473,5.2820937055133435,0.2928875121623659,0.0035904421119082076,9.791720390319824,0.0,1.0
test,980,8.44562735731126,4.2735082815786765,0.2993211678183447,0.0036693108490223293,9.512112617492676,0.0,1.0
train,981,9.879912289515808,5.263636812725828,0.29190325955091884,0.003582024806466627,9.5906400680542,0.0,1.0
train,982,9.879800904682604,5.25603020867279,0.2925072735236147,0.003593092802559357,9.640132904052734,0.0,1.0
train,983,9.8543152936509,5.225109537224433,0.29309305567205757,0.0036039517140349715,9.52161693572998,0.0,1.0
train,984,9.906238592547721,5.268977896965689,0.2932160248740706,0.0036091286104892144,10.161138534545898,0.0,1.0
train,985,9.861813477531179,5.239990044547401,0.29280940019905544,0.003607783312378866,9.860346794128418,0.0,1.0
train,986,9.825068975602843,5.203134871035149,0.2918954612656561,0.0036001707535558577,9.726062774658203,0.0,1.0
train,987,9.887075258095187,5.250478761954225,0.2923303388476241,0.0036091881963654857,9.77006721496582,0.0,1.0
train,988,9.884101492556905,5.249913862935362,0.2925398596642526,0.0036154313787234767,9.454355239868164,0.0,1.0
train,989,9.871740013175598,5.2403625532946565,0.2917526683395615,0.003609349209794989,9.593467712402344,0.0,1.0
train,990,9.869024812019312,5.224404428191034,0.2925929569561229,0.0036234016881173496,9.626976013183594,0.0,1.0
train,991,9.879731130477843,5.241111467838113,0.29220134261934216,0.0036222041807101248,9.854022979736328,0.0,1.0
train,992,9.808538724073681,5.177569749806331,0.29189881814341817,0.0036221023786253224,9.422812461853027,0.0,1.0
train,993,9.843816917718133,5.200065995239749,0.29216053177923934,0.00362900156176753,9.704093933105469,0.0,1.0
train,994,9.850002973453927,5.208928643850193,0.2913420279733523,0.00362247612537888,9.651280403137207,0.0,1.0
train,995,9.836354448644398,5.194704203042101,0.29201684345310963,0.003634516462933538,9.748865127563477,0.0,1.0
train,996,9.787018915519058,5.145257128405999,0.29184475356826756,0.003636022282742421,9.631329536437988,0.0,1.0
train,997,9.817069862510884,5.172011039390522,0.2915598851527393,0.0036361173110606698,9.587485313415527,0.0,1.0
train,998,9.814530379598585,5.16764973913668,0.29141216019854804,0.0036379172834090246,9.627737998962402,0.0,1.0
train,999,9.78470196917604,5.145044917899787,0.29120700541669703,0.0036389959054471577,9.734813690185547,0.0,1.0
train,1000,33.97101597763268,5.19120221883004,0.29187704519696867,0.0036510169891075827,9.674832344055176,24.18716812133789,1.0
test,1000,32.42365217444359,4.094631353461679,0.29845508989215835,0.003733300105688536,9.793448448181152,24.483705520629883,1.0
train,1001,33.90502089142058,5.187135374681269,0.29208774545713523,0.003657303317695473,9.6709623336792,24.2016658782959,1.0
train,1002,33.89537672537654,5.183209538939581,0.29392430654079804,0.0036839730422949606,9.5372314453125,23.890846252441406,1.0
train,1003,33.85798293838473,5.184618428213187,0.2926366096270464,0.0036714909661460446,9.81393814086914,24.608535766601562,1.0
train,1004,33.88063132924297,5.2187174613162615,0.2938082786082698,0.0036898632499302157,9.359781265258789,23.493133544921875,1.0
train,1005,33.85727519549339,5.214400396476156,0.29327634538524194,0.003686848423947064,9.431252479553223,23.696104049682617,1.0
train,1006,33.88358282179262,5.249519758507135,0.29535655926489107,0.003716690887475379,9.806082725524902,24.662382125854492,1.0
train,1007,33.862972682446205,5.244109979009087,0.29505962981786915,0.0037166422803215733,9.433079719543457,23.747859954833984,1.0
train,1008,33.82867869360736,5.220807976832636,0.2953245865744721,0.0037236709277250098,8.964877128601074,22.591567993164062,1.0
train,1009,33.79708644980003,5.203303694768655,0.29521138860853957,0.003725933417347409,9.37644100189209,23.65215301513672,1.0
train,1010,33.81497066901186,5.23658488357717,0.2956201125534733,0.0037347869017210367,9.510899543762207,24.015104293823242,1.0
train,1011,33.79513599215695,5.233543220126406,0.29593388710622165,0.0037424498507261077,9.57536506652832,24.201818466186523,1.0
train,1012,33.79575315797194,5.2357948992743495,0.2966104403459847,0.0037547129625731287,9.370590209960938,23.70767593383789,1.0
train,1013,33.804795803624195,5.26581572090537,0.29712894745375534,0.003764990347078001,9.455122947692871,23.94518280029297,1.0
train,1014,33.75146931167753,5.232978527684636,0.2983825207628961,0.0037846040760322703,9.404586791992188,23.84071159362793,1.0
train,1015,33.76563369577899,5.254713184790781,0.29840396639631644,0.0037886057632848624,9.598095893859863,24.355253219604492,1.0
train,1016,33.739806832998525,5.242488845730281,0.29959422731591456,0.0038074621445165833,9.40668773651123,23.893070220947266,1.0
train,1017,33.73186398983176,5.254300415843038,0.30010708146944964,0.0038177308328677553,9.35832691192627,23.793628692626953,1.0
train,1018,33.73342547118337,5.275783964534666,0.3011991107939278,0.0038353874000921855,9.374687194824219,23.858659744262695,1.0
train,1019,33.73225223752024,5.292116803735593,0.3020237658514978,0.0038496632524202155,9.319353103637695,23.741132736206055,1.0
train,1020,33.69173838130031,5.270742288666944,0.30252417792255,0.0038598227919648866,9.406689643859863,23.987140655517578,1.0
test,1020,32.19525624525183,4.208764751148939,0.31026827859468603,0.003958627642812985,9.123237609863281,23.264333724975586,1.0
train,1021,33.673941520470386,5.271511565011977,0.3031322892402233,0.0038713702917366095,9.316060066223145,23.779325485229492,1.0
train,1022,33.6742403789008,5.280669194544971,0.30503370227108845,0.003899466202981215,9.23729419708252,23.601367950439453,1.0
train,1023,33.62570929919849,5.2632246970083525,0.30539150496258477,0.003907857265371708,9.365289688110352,23.951807022094727,1.0
train,1024,33.668053357277515,5.302671352237125,0.3072703682892147,0.00393574011171343,9.292930603027344,23.78998374938965,1.0
train,1025,33.60030730129204,5.265393611323122,0.30714348947613657,0.00393795386621187,9.071917533874512,23.246870040893555,1.0
train,1026,33.64110143935772,5.311000618793307,0.3097441687585668,0.003975169159119772,8.929140090942383,22.9033203125,1.0
train,1027,33.58066515987102,5.287281448135348,0.3097133099095009,0.003978644154600717,9.32271671295166,23.936155319213867,1.0
train,1028,33.60528866362755,5.3097885751567215,0.3113212704091468,0.004003191489629153,9.123793601989746,23.448226928710938,1.0
train,1029,33.57101190583068,5.2943956896450075,0.3123634064803837,0.004020496172487154,8.929458618164062,22.971113204956055,1.0
train,1030,33.58145335616535,5.329316983325901,0.31308148101795474,0.004033651790509536,9.022734642028809,23.233617782592773,1.0
train,1031,33.5946148601243,5.3356729194091175,0.315532223715086,0.004069170213212009,9.056445121765137,23.343067169189453,1.0
train,1032,33.53677497972641,5.3005169876495035,0.315766316737354,0.004076135810530649,9.02749252319336,23.2910099029541,1.0
train,1033,33.564276367589486,5.333727125104338,0.31773766867633796,0.004105554744705299,9.478776931762695,24.479022979736328,1.0
train,1034,33.54226569277962,5.355069654222552,0.3183630494202531,0.004117614560009598,8.497990608215332,21.967376708984375,1.0
train,1035,33.50328958387825,5.327586514933223,0.3195543983590677,0.004137017149251153,9.0355863571167,23.37965965270996,1.0
train,1036,33.53969887608885,5.377117080213908,0.3218044960756159,0.004170169532317564,8.668034553527832,22.450284957885742,1.0
train,1037,33.481321017296374,5.346256662278746,0.32182592495954215,0.0041744696446824325,8.830039024353027,22.891950607299805,1.0
train,1038,33.4478333798076,5.3290190600755665,0.3240311116994278,0.00420712355504964,8.891215324401855,23.072782516479492,1.0
train,1039,33.447964638613364,5.339339439484212,0.3246981735592398,0.00421984280908331,8.991949081420898,23.356666564941406,1.0
train,1040,33.49185900054831,5.381359671220385,0.32660251286629133,0.004248674109123725,8.703575134277344,22.629369735717773,1.0
test,1040,31.964363503896582,4.296180581357463,0.33684815971468013,0.00438195665528036,8.820159912109375,22.932493209838867,1.0
train,1041,33.38297239067002,5.3128765397921525,0.3277374055417867,0.0042675338953689565,8.88910961151123,23.133987426757812,1.0
train,1042,33.47156426394505,5.381604448326159,0.3294567152819614,0.0042940391663287125,8.953925132751465,23.32505226135254,1.0
train,1043,33.43785041616463,5.390960363952659,0.3304003685156679,0.004310468048727725,8.867837905883789,23.12296485900879,1.0
train,1044,33.39454325380406,5.357834649530907,0.3320247707373922,0.00433581021350453,9.22966480255127,24.089506149291992,1.0
train,1045,33.38350401123583,5.354447488683595,0.33296439083251506,0.004352242064422529,8.391005516052246,21.92157554626465,1.0
train,1046,33.37122060368884,5.35124581731635,0.3342180220669894,0.0043728058286827045,8.688743591308594,22.721139907836914,1.0
train,1047,33.35405131708865,5.339414203642403,0.3358141120606362,0.004397885835995024,9.097027778625488,23.81155014038086,1.0
train,1048,33.38403429882107,5.380222866310988,0.3371956808157906,0.004420193649153146,8.75015926361084,22.92548942565918,1.0
train,1049,33.320182355035584,5.346406905240206,0.3379686294873904,0.0044345501790828655,8.349733352661133,21.897249221801758,1.0
train,1050,33.35691600817706,5.378991281598032,0.33938647764661656,0.004457395939136397,8.706789016723633,22.85539436340332,1.0
train,1051,33.305924706959786,5.3393406621972765,0.3408340847714672,0.004480668358753997,8.627528190612793,22.668903350830078,1.0
train,1052,33.28393010328944,5.322344917104744,0.34162796193585915,0.004495374738305962,8.814976692199707,23.1834659576416,1.0
train,1053,33.29466355313672,5.339986159781419,0.3433701863796598,0.004522591819078247,8.608107566833496,22.660917282104492,1.0
train,1054,33.31196464150544,5.354016423705206,0.3443308242982096,0.004539548262510881,8.727617263793945,22.997346878051758,1.0
train,1055,33.26681446671442,5.323619916506229,0.34575441823178404,0.004562637970974927,8.450215339660645,22.28751564025879,1.0
train,1056,33.28880788954544,5.346374656881031,0.34614080882011383,0.004572063178646061,8.519844055175781,22.492460250854492,1.0
train,1057,33.23009538423697,5.301878207863097,0.3478146981198492,0.004598520295719816,8.775684356689453,23.189823150634766,1.0
train,1058,33.20360806099103,5.276842750300865,0.3481443428181921,0.004607229956305397,8.54906177520752,22.612340927124023,1.0
train,1059,33.22770441908824,5.294683501784111,0.3485536941712565,0.004617003665581061,8.5389404296875,22.606918334960938,1.0
train,1060,33.21050003113173,5.285508704019736,0.3512834757620975,0.004657553438000029,8.556741714477539,22.67543601989746,1.0
test,1060,31.62490875916789,4.141839987010129,0.36013985691939276,0.0047749773174407305,8.670785903930664,22.9776611328125,1.0
train,1061,33.239854553702806,5.298026672876932,0.3515587208954092,0.004665596868330731,8.88729190826416,23.573617935180664,1.0
train,1062,33.23276350047185,5.295782999987137,0.35279026303673416,0.004686350315368833,9.142534255981445,24.27350616455078,1.0
train,1063,33.214589096275915,5.284138293917084,0.3531713628786368,0.004695826921430249,8.74197769165039,23.23187828063965,1.0
train,1064,33.257191012815554,5.304980727808841,0.3542823589114187,0.004715027001573631,8.380167961120605,22.291318893432617,1.0
train,1065,33.241978893426584,5.280214836603549,0.3551512361227092,0.004731029548161705,8.460416793823242,22.525930404663086,1.0
train,1066,33.24388285866161,5.28891665098914,0.3563976057536254,0.004752087172914928,8.575479507446289,22.853727340698242,1.0
train,1067,33.24545685886421,5.28384027575295,0.35624027775618955,0.004754441971880284,8.591086387634277,22.916797637939453,1.0
train,1068,33.227712107106,5.250830506912047,0.35846726954572156,0.004788644167325997,8.369860649108887,22.34760093688965,1.0
train,1069,33.228363092941024,5.262720598652822,0.3575437038406277,0.004780775411834537,8.355325698852539,22.329681396484375,1.0
train,1070,33.253222248120665,5.26828676817664,0.35928739595884285,0.004808581248017018,9.042891502380371,24.189809799194336,1.0
train,1071,33.252564125605396,5.260250852258921,0.3600833033014905,0.004823733994459425,8.570025444030762,22.946317672729492,1.0
train,1072,33.21745541625262,5.223002685368214,0.3601203943581272,0.004828731927014047,8.439384460449219,22.617624282836914,1.0
train,1073,33.30922543204315,5.286347842504374,0.36135008707615296,0.004849736882975372,8.677075386047363,23.276329040527344,1.0
train,1074,33.25090368963885,5.236089305130937,0.36210062841421686,0.004864335822651358,8.542624473571777,22.937023162841797,1.0
train,1075,33.25921772113441,5.237456125258701,0.3618415311889425,0.00486537776610577,8.640769004821777,23.222143173217773,1.0
train,1076,33.28815524132314,5.248712455227486,0.36306325812676515,0.00488634313430408,8.220793724060059,22.1140079498291,1.0
train,1077,33.28187867969634,5.228438588493786,0.36455487524507857,0.004910974774738523,8.622415542602539,23.215925216674805,1.0
train,1078,33.28008442504302,5.214326754534066,0.36435084896038794,0.004912780235461858,8.377949714660645,22.578649520874023,1.0
train,1079,33.27345075443294,5.2098005778441445,0.3650956780230916,0.0049273864913209455,8.42199420928955,22.718400955200195,1.0
train,1080,33.26642718351764,5.194035579989866,0.36398649931041216,0.0049169662239096,8.385699272155762,22.641462326049805,1.0
test,1080,31.844935728903113,4.184028531987379,0.3741300592305609,0.005053992024624917,8.610766410827637,23.249141693115234,1.0
train,1081,33.27896457341317,5.194875673195664,0.3670760279298483,0.004963289576198634,8.431990623474121,22.78752899169922,1.0
train,1082,33.318673042774726,5.213698665257387,0.36670365108485803,0.004962837950745461,8.28812313079834,22.419445037841797,1.0
train,1083,33.26476080148071,5.149991104902036,0.3672615823142048,0.004974979106034632,8.491622924804688,22.991138458251953,1.0
train,1084,33.27176855529048,5.148941603938695,0.36805791188368114,0.004990366566672114,8.244507789611816,22.342687606811523,1.0
train,1085,33.31051502025394,5.181218236259519,0.36721783403158625,0.004983566013206299,8.175713539123535,22.176692962646484,1.0
train,1086,33.363755542630905,5.199615679509553,0.3683326922185335,0.005003299612159091,8.564316749572754,23.252195358276367,1.0
train,1087,33.34250638915033,5.169688420552192,0.369195826447058,0.005019638605284687,8.804457664489746,23.926185607910156,1.0
train,1088,33.34877137408517,5.174534400914817,0.36864709976257704,0.005016785667712997,8.746758460998535,23.791257858276367,1.0
train,1089,33.33782036924728,5.147814887807869,0.36996697524594513,0.005039371502742834,8.559940338134766,23.304513931274414,1.0
train,1090,33.36286968422424,5.150265148957047,0.3706553159421327,0.005053380215003008,8.243457794189453,22.4634952545166,1.0
train,1091,33.35175053679895,5.132432018493585,0.37045510016733413,0.005055280771390841,8.41895580291748,22.96277618408203,1.0
train,1092,33.40430921100236,5.163875341153695,0.37162101150998433,0.005075835754545674,8.396985054016113,22.92384147644043,1.0
train,1093,33.395695268649824,5.141777331690364,0.3718529731591368,0.00508365173139372,8.171321868896484,22.328205108642578,1.0
train,1094,33.37528656848917,5.110627962650504,0.3714389696341053,0.005082634356651757,8.257170677185059,22.583433151245117,1.0
train,1095,33.432488135440074,5.1432903581515275,0.37249926564635,0.005101798832821026,8.71539306640625,23.858463287353516,1.0
train,1096,33.41453628316712,5.112527801926826,0.3727377240054999,0.005109723545433517,8.604132652282715,23.57539939880371,1.0
train,1097,33.43654482939546,5.107800670390682,0.37304673332719634,0.005118622257749377,8.426277160644531,23.10913848876953,1.0
train,1098,33.431830395371584,5.08545484099683,0.37325365867014554,0.005126126711187925,8.267691612243652,22.69488525390625,1.0
train,1099,33.44888119186362,5.085599891615141,0.3734038688305137,0.005132856723182681,8.511351585388184,23.385009765625,1.0
train,1100,33.45239022202951,5.076261976111559,0.3735128201018137,0.005139022824473317,8.08425521850586,22.23177146911621,1.0
test,1100,31.944005324588915,4.02858374501269,0.38353762601353864,0.005276950369710523,8.096709251403809,22.266019821166992,1.0
train,1101,33.46425266454301,5.070371860206847,0.3743927184801768,0.005155808457289427,8.307873725891113,22.86749267578125,1.0
train,1102,33.50912871292734,5.106018004991439,0.374392175517412,0.005160480414285749,8.07470703125,22.245887756347656,1.0
train,1103,33.538157697915594,5.110813480046395,0.37444104565572617,0.005165834066843185,7.995820045471191,22.048540115356445,1.0
train,1104,33.52083764911963,5.083323406466538,0.3747580535587181,0.005174891553531986,8.130054473876953,22.439023971557617,1.0
train,1105,33.53230602768285,5.070637429017878,0.37596891216860123,0.005196310981390557,8.305935859680176,22.945220947265625,1.0
train,1106,33.553788576988,5.074131172478875,0.37569886705529065,0.005197274422026243,8.150917053222656,22.537357330322266,1.0
train,1107,33.56807351138537,5.063658802578225,0.37536388764309875,0.0051973320243582834,8.094619750976562,22.40192985534668,1.0
train,1108,33.57509969243016,5.060378403005869,0.3762098292138958,0.005213747182291135,8.483637809753418,23.499752044677734,1.0
train,1109,33.64632090552142,5.098342437688309,0.3757601192570675,0.005212211356928349,8.270668029785156,22.930498123168945,1.0
train,1110,33.61992667038014,5.0706648591059365,0.3765846214755045,0.005228354958025082,8.608068466186523,23.88746452331543,1.0
train,1111,33.59981256032051,5.039829258337764,0.37554110496680115,0.005218560973566597,8.4705171585083,23.526931762695312,1.0
train,1112,33.62686848143191,5.035775534625984,0.37668748081624615,0.00523919926255565,8.239348411560059,22.905460357666016,1.0
train,1113,33.64276702579369,5.039019565463633,0.3762187685584394,0.005237382390893116,8.084197998046875,22.494352340698242,1.0
train,1114,33.687966079795665,5.058841463850393,0.376095416909646,0.005240365921767871,8.573465347290039,23.87717628479004,1.0
train,1115,33.65769158847333,5.026875551393344,0.37715921705562117,0.005259902514224506,8.043624877929688,22.42167091369629,1.0
train,1116,33.654385214623105,5.001429636313547,0.3774379083973298,0.00526850667534451,8.21437931060791,22.918188095092773,1.0
train,1117,33.67319867063956,4.9904077880948705,0.3775329094337885,0.005274551446738813,8.29471492767334,23.163063049316406,1.0
train,1118,33.69943515904605,5.009179990107525,0.37767085687083896,0.005281199138316207,8.109321594238281,22.665624618530273,1.0
train,1119,33.70610833892096,4.982680682598606,0.3775893461560313,0.005284778719721113,8.527450561523438,23.855619430541992,1.0
train,1120,33.74276943046271,5.0074101157385575,0.37816763779116425,0.0052975991707613045,8.449284553527832,23.65806770324707,1.0
test,1120,32.18045374966418,3.8824384294045524,0.3867296965832638,0.0054175416275563095,8.227999687194824,23.038467407226562,1.0
train,1121,33.70760994781036,4.9624875316766435,0.3782786352923184,0.005303882100448832,8.17236614227295,22.903125762939453,1.0
train,1122,33.746369410381185,4.975177696498811,0.378728867275044,0.005314928484968891,8.310019493103027,23.309677124023438,1.0
train,1123,33.789650341638314,4.986082007934704,0.3793066096663519,0.005327777147634759,8.17504596710205,22.951513290405273,1.0
train,1124,33.78506587531337,4.990331790057286,0.3786322003618248,0.005323036758845749,8.406460762023926,23.622224807739258,1.0
train,1125,33.827764024675176,4.992807136365358,0.379136962416056,0.005334871742246551,8.305262565612793,23.358625411987305,1.0
train,1126,33.78197977405915,4.9282892913204215,0.3788868296595663,0.005336087712542246,7.980900764465332,22.466306686401367,1.0
train,1127,33.84125857138608,4.963356233018247,0.3790149960899981,0.005342629970003007,8.180612564086914,23.048946380615234,1.0
train,1128,33.83575027555151,4.949937571285846,0.37905450256325324,0.00534792456431889,8.196792602539062,23.115026473999023,1.0
train,1129,33.8577792980363,4.944996945115616,0.37859543452453054,0.005346179731265711,8.099021911621094,22.859561920166016,1.0
train,1130,33.86304138049598,4.934466772711064,0.3794564017872648,0.005363080257095464,8.01142406463623,22.63234519958496,1.0
train,1131,33.916411624912634,4.967547012256521,0.37925666756041965,0.005364997530197274,8.590914726257324,24.290891647338867,1.0
train,1132,33.90100862968548,4.92829164183275,0.37926215999867074,0.005369815529624781,8.36754035949707,23.68021011352539,1.0
train,1133,33.91203600663298,4.922302670414266,0.3799480587582077,0.005384275761312483,8.355002403259277,23.665616989135742,1.0
train,1134,33.92762323931552,4.9066239882858955,0.37910867321853275,0.0053771191430606,7.924912929534912,22.46719741821289,1.0
train,1135,33.96230593924552,4.934110974375686,0.3802777920892899,0.0053984544340701665,8.41711711883545,23.883642196655273,1.0
train,1136,33.967282018511455,4.916223251728012,0.380407816317768,0.005405054890776312,8.215649604797363,23.3325138092041,1.0
train,1137,34.003524798418724,4.9126675463054275,0.38161842298734505,0.005427025645753845,8.540602684020996,24.2767391204834,1.0
train,1138,33.99664123233666,4.9028603378949125,0.38015292181970434,0.005410936074572203,8.127784729003906,23.12361717224121,1.0
train,1139,34.03871588178314,4.931076060971017,0.3811424219080523,0.005429784004611785,8.317891120910645,23.68526840209961,1.0
train,1140,34.026589080609554,4.895209693838902,0.38095620801236835,0.005431892663659955,8.237088203430176,23.47576904296875,1.0
test,1140,32.618775284876875,3.938847328466538,0.3899212563868652,0.005559721478286347,8.234016418457031,23.467016220092773,1.0
train,1141,34.03825206735655,4.886247971971263,0.38080719474292785,0.005434527560706937,8.14771842956543,23.241437911987305,1.0
train,1142,34.03373910462163,4.867658724681911,0.3812435476761618,0.005445519853389664,8.169364929199219,23.323606491088867,1.0
train,1143,34.05501206611218,4.880681863862256,0.3808558925010327,0.005444742975177104,8.578939437866211,24.514392852783203,1.0
train,1144,34.083221699351405,4.877430976898383,0.3807074187048791,0.005447378750058072,8.291010856628418,23.712364196777344,1.0
train,1145,34.106949106573055,4.879957291916792,0.38011562139439226,0.0054436619469380625,8.629826545715332,24.70294952392578,1.0
train,1146,34.133285536418846,4.881361926818915,0.3804368718046432,0.005453017581500701,8.336158752441406,23.883169174194336,1.0
train,1147,34.13722155026974,4.868527593518455,0.38107414050194705,0.005466914865802741,8.062705039978027,23.119876861572266,1.0
train,1148,34.120436826469344,4.826847694751503,0.3800650860772131,0.005457189242670259,8.240564346313477,23.650487899780273,1.0
train,1149,34.219995228571634,4.894233025258773,0.3806819985561043,0.005470805269727184,8.302635192871094,23.84939193725586,1.0
train,1150,34.19551756545122,4.853362757951142,0.38118739778900423,0.005482832760310505,8.314186096191406,23.903356552124023,1.0
train,1151,34.236703461620166,4.873464920038362,0.3807066461344669,0.005480676196033861,8.328814506530762,23.966236114501953,1.0
train,1152,34.23037963292121,4.853911789615992,0.38076125437027797,0.005486221379269412,7.950630187988281,22.89788055419922,1.0
train,1153,34.233890853083444,4.84289264364902,0.380642445323845,0.005489267066758832,8.015074729919434,23.1035213470459,1.0
train,1154,34.24381143044431,4.82393537089365,0.38155240485662073,0.005507158574761316,7.895412445068359,22.77833366394043,1.0
train,1155,34.29459773879151,4.852889841570333,0.38153437960946074,0.005511667109147123,8.181219100952148,23.623340606689453,1.0
train,1156,34.26114744429967,4.802942074309152,0.382075291259185,0.005524256612811945,7.984780788421631,23.076086044311523,1.0
train,1157,34.283901925057314,4.813699090694535,0.38087634782061836,0.005511682101415864,8.33165168762207,24.0993709564209,1.0
train,1158,34.28269757781324,4.781244606662922,0.3819018851432703,0.005531296003321526,8.161544799804688,23.627744674682617,1.0
train,1159,34.297841634237415,4.78717247592718,0.3811547886178121,0.005525239349986721,8.138995170593262,23.582807540893555,1.0
train,1160,34.35234573983989,4.798579540175917,0.38216336289038383,0.005544636258663278,8.339698791503906,24.185195922851562,1.0
test,1160,32.94985054955309,3.8487949849308922,0.3902186981083947,0.00566150749244055,8.345625877380371,24.202383041381836,1.0
train,1161,34.397142518452135,4.82648846276985,0.3817186191585358,0.005542954677583783,8.294926643371582,24.076095581054688,1.0
train,1162,34.38143532589334,4.794659957578668,0.3811765657516351,0.005539847724238263,8.0683012008667,23.438486099243164,1.0
train,1163,34.38330330623622,4.783722124822053,0.3809952629471802,0.0055419747158605955,8.057646751403809,23.42767333984375,1.0
train,1164,34.40113056739782,4.784535575166012,0.38129124744358056,0.005551045784013503,8.236327171325684,23.9677791595459,1.0
train,1165,34.44708335142278,4.79237924039124,0.38193282634401515,0.005565159922219798,8.349602699279785,24.318288803100586,1.0
train,1166,34.4124972709491,4.7483796539474135,0.381296223439099,0.005560649679613597,8.156917572021484,23.777484893798828,1.0
train,1167,34.445002921893405,4.760218508985947,0.3807530806171907,0.005557487670753092,8.4361572265625,24.61256217956543,1.0
train,1168,34.46995733004981,4.762192950508684,0.3827405127683403,0.00559128009039681,8.351302146911621,24.3858699798584,1.0
train,1169,34.515118302681316,4.792643441326924,0.3813755671881164,0.005576106946160678,8.280176162719727,24.198884963989258,1.0
train,1170,34.503532479457526,4.755318310511143,0.38100211209444784,0.005575408694913307,8.035566329956055,23.504098892211914,1.0
train,1171,34.56018333979417,4.793048790248811,0.381463876103814,0.005586933757481968,8.230387687683105,24.094526290893555,1.0
train,1172,34.501982280285944,4.717239915866622,0.3812760277366708,0.00558894799723896,7.835244655609131,22.957334518432617,1.0
train,1173,34.562043394834795,4.744203206692865,0.38217495354025344,0.005606901641793741,8.194842338562012,24.031442642211914,1.0
train,1174,34.58781352428739,4.752000319491016,0.3816858983240501,0.0056044972928328855,8.526755332946777,25.02610206604004,1.0
train,1175,34.57329631069838,4.720559096100825,0.38135322336307864,0.005604378887832035,8.178271293640137,24.023744583129883,1.0
train,1176,34.58525968287133,4.717520207482906,0.3809394717783532,0.005603059648836062,8.12248420715332,23.880172729492188,1.0
train,1177,34.629540912057294,4.732941181896111,0.3816968678468494,0.005618970565358422,7.815893650054932,22.998334884643555,1.0
train,1178,34.60677992830859,4.695836787079003,0.38114416525122274,0.005615598040193436,8.142367362976074,23.979339599609375,1.0
train,1179,34.656999562190556,4.7164736879295015,0.3817846742777261,0.005629806828747049,8.466742515563965,24.955795288085938,1.0
train,1180,34.68164210453864,4.729689446291206,0.38106371603559935,0.005623938379704294,8.229802131652832,24.277984619140625,1.0
test,1180,33.17915656280099,3.6522546813194507,0.39094012595191174,0.005769699622364439,8.319342613220215,24.542131423950195,1.0
train,1181,34.71308669736871,4.723270710771702,0.38193239923191735,0.005641532539949133,8.31399917602539,24.54715347290039,1.0
train,1182,34.71393900374724,4.70934480736206,0.38098935665684747,0.00563236472639703,8.278935432434082,24.464324951171875,1.0
train,1183,34.76895382375539,4.7356828674919385,0.3826491903395082,0.005661685551558659,8.211718559265137,24.28622817993164,1.0
train,1184,34.71203929986266,4.664919605108569,0.3820440157664551,0.005657506448357865,7.807878017425537,23.11138916015625,1.0
train,1185,34.76778153643868,4.709875336419171,0.3816164542239008,0.005655944623360951,8.402336120605469,24.891992568969727,1.0
train,1186,34.80006539756197,4.711409846898012,0.38097719582628514,0.005651231901390128,8.077089309692383,23.948637008666992,1.0
train,1187,34.766300740191404,4.668153597416129,0.3809390530410024,0.005655427371706334,8.167590141296387,24.237394332885742,1.0
train,1188,34.77741379917562,4.653204651660549,0.3816005784951415,0.005670017919578738,8.131442070007324,24.150453567504883,1.0
train,1189,34.80455554190286,4.653920603199752,0.3813315809231035,0.005670787183216709,8.199576377868652,24.373310089111328,1.0
train,1190,34.863335091248565,4.678539456180108,0.381950722480492,0.005684768352422434,8.243124961853027,24.523365020751953,1.0
train,1191,34.886215229502014,4.690093430240992,0.38071896259574456,0.00567119394991454,8.2837553024292,24.66495132446289,1.0
train,1192,34.860502101369185,4.651180207314964,0.3816366729568833,0.005689634155144425,7.735363006591797,23.05144691467285,1.0
train,1193,34.90299587061324,4.669409474478595,0.3818771984827549,0.005697993019986673,8.094740867614746,24.142635345458984,1.0
train,1194,34.93422437403344,4.667966405070835,0.38135703387297076,0.005694998125519764,8.219202995300293,24.534391403198242,1.0
train,1195,34.906951890338966,4.633393841438838,0.3815275046400565,0.005702312468897189,8.216561317443848,24.547046661376953,1.0
train,1196,34.931006866019594,4.645828023743725,0.38073529823769414,0.0056952308623650395,8.388656616210938,25.082157135009766,1.0
train,1197,34.995066912497876,4.659211143049791,0.3825665057643272,0.005727404592422139,8.381689071655273,25.082273483276367,1.0
train,1198,34.99426881585678,4.660758667885494,0.3818535440098092,0.005721503531304837,8.416263580322266,25.206777572631836,1.0
train,1199,35.011103261925996,4.641378928225336,0.3806311750080487,0.0057079455762096675,8.094462394714355,24.263219833374023,1.0
train,1200,35.06513438414969,4.676427322650104,0.38198541138052633,0.00573302804670463,8.036910057067871,24.110797882080078,1.0
test,1200,33.64564538582034,3.6980150165910235,0.38968826888443586,0.005848636383552056,8.112515449523926,24.337615966796875,1.0
train,1201,35.065223212299706,4.6423259557841945,0.38214717450440255,0.005740232230546663,8.508234977722168,25.546049118041992,1.0
train,1202,35.08532021414697,4.652723701105771,0.38146690846012926,0.0057347818146680826,8.324014663696289,25.013731002807617,1.0
train,1203,35.07134300424553,4.625477701152937,0.3812651796477032,0.005736514463234919,8.34285831451416,25.091217041015625,1.0
train,1204,35.14795207872611,4.667969380897609,0.38229354972853313,0.005756765507119368,8.114813804626465,24.4256591796875,1.0
train,1205,35.11944149197391,4.633840930099851,0.3807124951973617,0.005737715635666344,8.408517837524414,25.330726623535156,1.0
train,1206,35.181598786159704,4.671390626965274,0.38100298934919774,0.005746855732326205,8.333279609680176,25.124906539916992,1.0
train,1207,35.15349409687532,4.617375719647594,0.3809013310867572,0.00575008316119904,7.957181453704834,24.0108642578125,1.0
train,1208,35.16129753958642,4.61176099334058,0.38121201535785676,0.005759537921914025,8.067489624023438,24.363887786865234,1.0
train,1209,35.186670657177785,4.6072750768511455,0.38117927219071235,0.005763807486528949,8.12326717376709,24.552640914916992,1.0
train,1210,35.17640003632854,4.58888742088879,0.3808817600008772,0.0057640693539512755,8.133002281188965,24.60239601135254,1.0
train,1211,35.221630471903374,4.598164982382213,0.38212261765246597,0.005787623912778257,8.111564636230469,24.557830810546875,1.0
train,1212,35.207480789670306,4.574886730988297,0.3814643429959601,0.005782421521339116,8.26441764831543,25.041257858276367,1.0
train,1213,35.281970810288264,4.605994092297126,0.38081260064212646,0.005777301776136941,8.428683280944824,25.5600528717041,1.0
train,1214,35.29339655580601,4.605551514833174,0.3821030402855257,0.005801654825372075,8.145715713500977,24.722312927246094,1.0
train,1215,35.28612209282382,4.580508229674065,0.3807540039330492,0.005785930704629042,8.512443542480469,25.856618881225586,1.0
train,1216,35.32368294764385,4.592888601437794,0.38092485435533296,0.005793288028965995,8.221293449401855,24.9928035736084,1.0
train,1217,35.353866631584296,4.595691774426212,0.38161973572893976,0.005808625888110808,8.028010368347168,24.425289154052734,1.0
train,1218,35.31219019298365,4.539763388160904,0.3814047964509921,0.005810121385128269,8.437149047851562,25.691192626953125,1.0
train,1219,35.33614747444876,4.556938637580969,0.3796682745120135,0.00578841349608864,8.238110542297363,25.105712890625,1.0
train,1220,35.36989338494813,4.558080299843636,0.3807502408800568,0.005809668031712325,8.141890525817871,24.832834243774414,1.0
test,1220,33.92419500998132,3.53385248458078,0.39152356320987003,0.005974052501148721,7.932960033416748,24.195592880249023,1.0
train,1221,35.403755229862014,4.570263580311099,0.38063556616706723,0.005812675739253672,8.25394344329834,25.19523048400879,1.0
train,1222,35.42960829164273,4.563950059529935,0.3804633604315581,0.005814801306413307,8.321202278137207,25.42133903503418,1.0
train,1223,35.41382089134018,4.543556249669477,0.3806777372056645,0.0058228357238129,7.970941066741943,24.3712215423584,1.0
train,1224,35.45470239337094,4.554200675955981,0.38112495497736004,0.005834439939522268,8.998527526855469,27.535572052001953,1.0
train,1225,35.4558829228345,4.539572209436031,0.3803467267256624,0.005827280314328664,8.126446723937988,24.887311935424805,1.0
train,1226,35.49912033332297,4.548793548461155,0.38063156722536723,0.005836401765524234,8.094408988952637,24.809431076049805,1.0
train,1227,35.52944115374579,4.551278559227283,0.3810444234100576,0.0058474948614014545,8.031302452087402,24.636089324951172,1.0
train,1228,35.544926489485604,4.547643204377415,0.38108587910568065,0.005852894136238828,8.188491821289062,25.13873863220215,1.0
train,1229,35.54415465046799,4.5352553790888415,0.38000753411782606,0.005841082031651993,7.945565700531006,24.412818908691406,1.0
train,1230,35.61187059086319,4.572849378365978,0.38108211605268827,0.005862362441717179,8.016255378723145,24.650053024291992,1.0
train,1231,35.56717721525235,4.516935156589456,0.3806474966920866,0.005860434108980869,8.187255859375,25.196348190307617,1.0
train,1232,35.5929611825786,4.525632822683693,0.3803250131003376,0.005860222751356028,7.921478271484375,24.39822006225586,1.0
train,1233,35.60926303800715,4.526331298917456,0.37984976225879835,0.005857647514990238,8.49820327758789,26.195783615112305,1.0
train,1234,35.63168959717065,4.505118232221775,0.3804903829485952,0.005872282154395869,8.149605751037598,25.141599655151367,1.0
train,1235,35.61690929090414,4.480631700244266,0.3804211544981816,0.005875968508953404,8.193110466003418,25.296295166015625,1.0
train,1236,35.65432532122403,4.497278352382198,0.37954791753317385,0.0058672244035302785,8.244644165039062,25.47601890563965,1.0
train,1237,35.64748453195393,4.470396011860607,0.3808409652123729,0.0058919729589059795,8.099089622497559,25.0465030670166,1.0
train,1238,35.72137104596928,4.509973061900412,0.3804415539861205,0.005890548730170283,8.430573463439941,26.092695236206055,1.0
train,1239,35.749318365382486,4.5134630925569,0.3800403247418702,0.005889086345234189,7.9470343589782715,24.616004943847656,1.0
train,1240,35.77451977832737,4.5212407759419735,0.3804449359881237,0.005900111267525017,8.118617057800293,25.167783737182617,1.0
test,1240,34.2805226299648,3.4672807128638308,0.3877385852758597,0.006013224462821407,8.20180892944336,25.425678253173828,1.0
train,1241,35.77272067469553,4.4979430448865,0.3803448996350218,0.005903313694559068,8.119080543518066,25.189517974853516,1.0
train,1242,35.77301777303328,4.471543290786939,0.3807266834145974,0.00591399794866977,8.255936622619629,25.634750366210938,1.0
train,1243,35.797613393069625,4.478821359097718,0.3804201760485719,0.0059139916092666375,8.360133171081543,25.97918701171875,1.0
train,1244,35.840063535464886,4.510023561624917,0.37998954097386295,0.0059120463738170925,7.870077610015869,24.47600746154785,1.0
train,1245,35.87830989961872,4.505708311313332,0.37987287516477036,0.0059149791713414114,7.913939952850342,24.632204055786133,1.0
train,1246,35.8240420861075,4.4458894865703895,0.3802682790745757,0.005925888861532604,8.010208129882812,24.95186424255371,1.0
train,1247,35.88229299350575,4.473146317862697,0.37985883839087653,0.005924256126837357,8.266300201416016,25.770261764526367,1.0
train,1248,35.896900058359705,4.4658362747678115,0.38114755353428614,0.005949118720486694,8.097723960876465,25.26496696472168,1.0
train,1249,35.92278926415274,4.477230279994369,0.38078084848671223,0.005948154311383962,8.101831436157227,25.298036575317383,1.0
train,1250,35.92968528348362,4.4626955213103585,0.37972815674475774,0.005936456405459374,8.104972839355469,25.328107833862305,1.0
train,1251,35.994063489392616,4.499083222027362,0.3798354100361003,0.005942880610917437,8.11295223236084,25.37332534790039,1.0
train,1252,35.97568315156336,4.470075264633072,0.37920235593023205,0.005937715442180404,8.279353141784668,25.914447784423828,1.0
train,1253,35.97754739397749,4.452446064842607,0.3797469461875829,0.005950989235470426,8.11151123046875,25.409378051757812,1.0
train,1254,36.029021056894415,4.47868731848015,0.378844324328984,0.005941579388621729,8.084061622619629,25.343599319458008,1.0
train,1255,36.00221397603688,4.442692789802872,0.3787109278690409,0.005944220687456175,8.065587043762207,25.30584716796875,1.0
train,1256,36.06134084847398,4.47061642403573,0.37966080005030206,0.005963875101334167,8.04871940612793,25.273046493530273,1.0
train,1257,36.046147344751844,4.421927911651645,0.37987307615869875,0.005971957564334227,8.084639549255371,25.406049728393555,1.0
train,1258,36.048311058348716,4.4115567701097556,0.380106301696755,0.005980374940039022,8.276756286621094,26.03046989440918,1.0
train,1259,36.09197122606653,4.420333946052158,0.3799595440258441,0.005982814958214568,8.1253023147583,25.574459075927734,1.0
train,1260,36.09743575686899,4.413635711725753,0.3789782637516919,0.005972100545961256,8.318449974060059,26.20318603515625,1.0
test,1260,34.672105840470515,3.4156189578879528,0.389483976390302,0.006137654030648346,8.137613296508789,25.633548736572266,1.0
train,1261,36.0767542660738,4.387102235249011,0.37946475001424823,0.005984509638287522,8.348164558410645,26.31766128540039,1.0
train,1262,36.13852762417003,4.41085271629448,0.37922704956970327,0.00598550074678707,7.793464183807373,24.588443756103516,1.0
train,1263,36.13153645096356,4.38745834624161,0.37895955596265013,0.00598601530292099,8.2507905960083,26.05194091796875,1.0
train,1264,36.16915591645058,4.395926471686477,0.3790885291603778,0.0059927906861495,7.898414134979248,24.959054946899414,1.0
train,1265,36.19434590065737,4.393982458411229,0.3800106516174026,0.006012117643373485,8.501761436462402,26.886892318725586,1.0
train,1266,36.21216621915369,4.4045471236071565,0.3792131509791352,0.006004240140943183,8.089030265808105,25.60184669494629,1.0
train,1267,36.23779322976295,4.398009204271291,0.3787061249516275,0.0060009455393455246,8.33808422088623,26.41094970703125,1.0
train,1268,36.24755704163022,4.399382780028314,0.379067941240631,0.006011416725389541,8.305110931396484,26.3272705078125,1.0
train,1269,36.276701820058086,4.396598567467141,0.378711089082921,0.006010491031003605,8.024934768676758,25.459171295166016,1.0
train,1270,36.293091216717194,4.3903608660622915,0.378415552635486,0.0060105303189248865,8.256638526916504,26.214895248413086,1.0
train,1271,36.29669895583878,4.37548387613307,0.37946200100354033,0.0060318942906996895,8.421713829040527,26.760068893432617,1.0
train,1272,36.29764589685858,4.357706582899544,0.37831715563911245,0.0060184244219408135,8.21112060546875,26.111434936523438,1.0
train,1273,36.35796411614081,4.39087354574193,0.3794010942600779,0.00604041020136485,8.590851783752441,27.3404598236084,1.0
train,1274,36.362392598615216,4.367608241706901,0.37860607813009184,0.006032484924823592,8.112091064453125,25.837080001831055,1.0
train,1275,36.43065190515892,4.392644051008507,0.3807499770755258,0.006071403439135985,8.252191543579102,26.303930282592773,1.0
train,1276,36.37634364441119,4.346254914748202,0.3788450236203598,0.006045762319168269,8.159472465515137,26.028783798217773,1.0
train,1277,36.42100611441396,4.364295158288525,0.37845348535419776,0.006044244188443928,8.44165325164795,26.950048446655273,1.0
train,1278,36.421515705207746,4.348710284493059,0.37803395798561384,0.006042268909152155,7.9746599197387695,25.47910499572754,1.0
train,1279,36.47875739138422,4.382104705464391,0.37888419789531663,0.006060594214718942,8.052984237670898,25.74948501586914,1.0
train,1280,36.48385532601081,4.356350934684299,0.3788666779245599,0.006065049326887526,8.471635818481445,27.109304428100586,1.0
test,1280,34.936650464755864,3.248338486172718,0.38932944870483555,0.0062325415466464905,8.137969970703125,26.041574478149414,1.0
train,1281,36.46238650431181,4.317312559538868,0.3787285874189146,0.006067572352768954,8.441108703613281,27.0327205657959,1.0
train,1282,36.489499807793976,4.324865202305302,0.37840377494959965,0.006067098139267474,8.211470603942871,26.317834854125977,1.0
train,1283,36.53843946907052,4.331561225698494,0.3783381378698646,0.006070774507678043,8.184216499328613,26.250940322875977,1.0
train,1284,36.55095325055421,4.336593868005768,0.379208209878396,0.006089475221470184,8.222552299499512,26.39446449279785,1.0
train,1285,36.52507912907634,4.300146142685322,0.3780202708574079,0.006075123608295626,8.372929573059082,26.89810562133789,1.0
train,1286,36.57424981333247,4.31241719050151,0.3777840415767554,0.0060760490209152765,8.123100280761719,26.115833282470703,1.0
train,1287,36.56333311564574,4.297632691278329,0.37797315941596704,0.006083814869378318,8.125441551208496,26.1436767578125,1.0
train,1288,36.64762185686811,4.338471480703511,0.37855523224937754,0.006097915317613551,8.173745155334473,26.31952476501465,1.0
train,1289,36.59593214222768,4.278180454224839,0.3786845195001183,0.006104731010208612,8.156498908996582,26.28438377380371,1.0
train,1290,36.62677719529365,4.285782195341443,0.37775895013680094,0.006094531524150189,8.225625991821289,26.5277099609375,1.0
train,1291,36.661204871614906,4.298991935051626,0.3782941334595665,0.00610789404788048,8.27259349822998,26.699859619140625,1.0
train,1292,36.64978821269767,4.263834691248314,0.3779787739859454,0.006107526551892891,8.059773445129395,26.03313636779785,1.0
train,1293,36.7404186264133,4.322078052999508,0.3772996168977561,0.006101268243773149,8.103835105895996,26.195714950561523,1.0
train,1294,36.70854898586057,4.270256168101674,0.3793153556938185,0.006138605489316619,8.214617729187012,26.574359893798828,1.0
train,1295,36.72210055901548,4.280489103985147,0.3762323286696489,0.006093414117544604,7.93240213394165,25.68121910095215,1.0
train,1296,36.73940210101633,4.263898545902725,0.3788363508719295,0.006140323532745566,8.240251541137695,26.698484420776367,1.0
train,1297,36.71980633056953,4.223913383274518,0.37796107116654554,0.006130860707612657,8.525168418884277,27.642929077148438,1.0
train,1298,36.77718440368854,4.2607301892791085,0.378324445158494,0.006141483535735881,8.625886917114258,27.991073608398438,1.0
train,1299,36.81182567374505,4.271148240570615,0.37727910295494127,0.006129229618316986,8.332647323608398,27.060338973999023,1.0
train,1300,36.82426172501431,4.265468308483337,0.3779848345112024,0.006145419183796071,8.177850723266602,26.578083038330078,1.0
test,1300,35.38573310605041,3.2226112355953904,0.3896258381923287,0.006334682987020203,7.923160552978516,25.75033950805664,1.0
train,1301,36.81132968772779,4.251485869948174,0.3773871616177885,0.006140418861553884,8.412928581237793,27.363122940063477,1.0
train,1302,36.86324714244699,4.267412824243405,0.37698648720052796,0.00613861139855268,7.882117748260498,25.656360626220703,1.0
train,1303,36.87399474561673,4.229546880181177,0.37773523215535704,0.006155524709792558,8.356188774108887,27.220355987548828,1.0
train,1304,36.89895978970184,4.247496129303593,0.3776099612937059,0.006158202964463436,8.458749771118164,27.575592041015625,1.0
train,1305,36.90302803382915,4.2301632894773515,0.3771107558841196,0.006154775150998006,8.532732963562012,27.83811378479004,1.0
train,1306,36.95656947901168,4.2604861770668965,0.37747255681942027,0.006165397991696222,7.788665294647217,25.430057525634766,1.0
train,1307,36.97255787603418,4.255120727896385,0.37792603680819675,0.006177528450059362,8.284838676452637,27.070775985717773,1.0
train,1308,36.95014822129753,4.215244911548378,0.37747076252987216,0.006174804510291972,8.581750869750977,28.062393188476562,1.0
train,1309,36.95676650330997,4.218285592362159,0.3766578014107183,0.006166213547269428,8.241589546203613,26.970670700073242,1.0
train,1310,37.02643054525276,4.24736191560792,0.377142979816949,0.00617887015267126,7.89736795425415,25.86394691467285,1.0
train,1311,37.003849723249225,4.201235283001238,0.37802144262409454,0.00619798712278949,8.23990249633789,27.00634765625,1.0
train,1312,37.032819036769205,4.205693026841712,0.37770749010797217,0.006197560472388046,8.303435325622559,27.235334396362305,1.0
train,1313,37.032880242211974,4.188554319234458,0.3767194918909223,0.006186057564712606,8.324668884277344,27.3257999420166,1.0
train,1314,37.08957649926061,4.21661982168176,0.37659047681945956,0.0061886459366696425,8.276527404785156,27.188465118408203,1.0
train,1315,37.072474297175596,4.183793325804547,0.3773650041308719,0.006206090611716976,8.215167045593262,27.007429122924805,1.0
train,1316,37.12391269263705,4.215311144630943,0.3764602878876235,0.006195917061456708,7.778890132904053,25.592613220214844,1.0
train,1317,37.148375549204744,4.210603593253322,0.3775063761415562,0.006217852311120061,8.320808410644531,27.396331787109375,1.0
train,1318,37.13804784049667,4.182538945030215,0.37665955940969603,0.0062086122902447125,8.204383850097656,27.033512115478516,1.0
train,1319,37.201976732853524,4.2262025924554205,0.37713323719458747,0.006221133782192884,8.1458158493042,26.86089515686035,1.0
train,1320,37.18143545765603,4.178986444344156,0.37647602613095266,0.006214998005978913,8.047453880310059,26.556665420532227,1.0
test,1320,35.64455442426844,3.0771516751431887,0.3858018438668231,0.00636895186919887,8.13890552520752,26.858457565307617,1.0
train,1321,37.18968882388001,4.169538138508579,0.37731458745594215,0.006233557230528268,8.113852500915527,26.796066284179688,1.0
train,1322,37.2176891121723,4.171268880476325,0.37669075115495576,0.00622795908888091,8.305266380310059,27.448972702026367,1.0
train,1323,37.24114637099209,4.180899063484423,0.3762568659805091,0.00622548825502036,8.682365417480469,28.716995239257812,1.0
train,1324,37.31630892427335,4.223253821698554,0.3765419228278452,0.006234911065146837,8.058558464050293,26.673892974853516,1.0
train,1325,37.26191645684017,4.156096792378096,0.3763960256621901,0.006237199729369143,8.185778617858887,27.115461349487305,1.0
train,1326,37.30860948894122,4.167193611332055,0.37661194199395626,0.00624548482367591,8.138747215270996,26.98001480102539,1.0
train,1327,37.2929532288022,4.132385186908274,0.3757175232000592,0.006235348369871374,8.323917388916016,27.614667892456055,1.0
train,1328,37.36831650801992,4.190105836032905,0.3768403618230167,0.006258692854879682,8.502135276794434,28.227161407470703,1.0
train,1329,37.33809968101817,4.1429336832592965,0.3754032238298312,0.006239516449505783,8.110491752624512,26.947174072265625,1.0
train,1330,37.36311778889617,4.148461228449878,0.37562231419071623,0.006247852724465223,7.976683139801025,26.522541046142578,1.0
train,1331,37.44459772092538,4.181949452170949,0.3773331521763891,0.006281025862824504,8.280936241149902,27.554885864257812,1.0
train,1332,37.424732303165754,4.158490105247568,0.37616727014535345,0.006266320402116796,8.216598510742188,27.36134147644043,1.0
train,1333,37.395400410556896,4.1183610812151255,0.3768012992113534,0.006281591815936479,8.271742820739746,27.565649032592773,1.0
train,1334,37.45624375020546,4.1526490262782145,0.3758806688550886,0.006270942178831837,8.277281761169434,27.604801177978516,1.0
train,1335,37.47638882728797,4.140318919746072,0.3763913979165684,0.006284167263566629,8.101805686950684,27.039844512939453,1.0
train,1336,37.45039073443003,4.113128170790883,0.37568239532370207,0.0062770254362588705,8.374255180358887,27.970081329345703,1.0
train,1337,37.52191556559959,4.151150560710529,0.3760310611662043,0.006287550978440878,8.171338081359863,27.31276512145996,1.0
train,1338,37.517488414709966,4.127249015978392,0.37547994209565916,0.006283028840767702,8.438843727111816,28.228002548217773,1.0
train,1339,37.56367313735353,4.150632906431163,0.37564840850662584,0.006290542979940979,8.246750831604004,27.606067657470703,1.0
train,1340,37.546652748172114,4.121293376053029,0.37522983795288845,0.00628822357411184,8.007712364196777,26.82590103149414,1.0
test,1340,36.23892011654667,3.219734332843653,0.3834980402434136,0.006426784795262205,7.96953821182251,26.69801902770996,1.0
train,1341,37.59171059277308,4.132039522016785,0.3758612792220606,0.006303503268282715,8.04583740234375,26.973737716674805,1.0
train,1342,37.61494410906002,4.131275767421617,0.3758069047812704,0.006307288480670852,8.2496976852417,27.67780876159668,1.0
train,1343,37.624589158639864,4.117825449145499,0.3759902426492501,0.006315064907280931,8.133261680603027,27.307493209838867,1.0
train,1344,37.66283736384224,4.1189400833079635,0.375987063734862,0.006319710883115956,8.098011016845703,27.20938491821289,1.0
train,1345,37.6581954914181,4.107535391904214,0.3757573402368495,0.006320546114106127,8.344049453735352,28.056936264038086,1.0
train,1346,37.66072431467324,4.099804110200773,0.37580164544014455,0.0063259884147163796,8.272507667541504,27.837055206298828,1.0
train,1347,37.6443350492185,4.061118702726228,0.3754257637635282,0.006324353431876306,8.042975425720215,27.08478355407715,1.0
train,1348,37.71413935142431,4.104741598632455,0.3758909788665604,0.006336888527390818,8.162949562072754,27.509204864501953,1.0
train,1349,37.74301802924471,4.107755670083384,0.37533526275779927,0.006332211311794143,8.013136863708496,27.024372100830078,1.0
train,1350,37.74980173763494,4.0897064153152725,0.3762973823086752,0.006353146298449336,8.437538146972656,28.476760864257812,1.0
train,1351,37.76179405572516,4.08854730566299,0.3747615109334444,0.006331899752496288,8.23425579071045,27.811267852783203,1.0
train,1352,37.78701173382454,4.0902610524774605,0.374980638980691,0.006340288887883608,8.208357810974121,27.74431800842285,1.0
train,1353,37.78286936201981,4.075876346927312,0.3751220075018974,0.006347367746855671,8.112204551696777,27.439599990844727,1.0
train,1354,37.785546804931286,4.05332830089202,0.37485434221253044,0.006347523844395009,8.010948181152344,27.11712646484375,1.0
train,1355,37.855245586720486,4.0909316687194845,0.3755400713834403,0.006363829288774949,8.068278312683105,27.33135986328125,1.0
train,1356,37.840766151615256,4.0569889530610395,0.3750017084483912,0.006359393347388895,8.223543167114258,27.87787437438965,1.0
train,1357,37.909524598664255,4.0953745669250825,0.3750232992440931,0.006364446813149028,8.344460487365723,28.308652877807617,1.0
train,1358,37.89115931165118,4.06420120144344,0.37476157095246465,0.006364689124860921,8.607592582702637,29.22285270690918,1.0
train,1359,37.97180338670079,4.095208629687715,0.37538994078316884,0.006380052824800007,8.385668754577637,28.490381240844727,1.0
train,1360,37.93772063829329,4.0598180040177345,0.3743981690446928,0.006367876378562848,8.115139961242676,27.591543197631836,1.0
test,1360,36.50500914896561,3.052850639883334,0.38261084227756453,0.006507559988709501,8.34559154510498,28.375080108642578,1.0
train,1361,37.93772074437342,4.0391737892215085,0.3746625814427398,0.006377056397892358,7.728522777557373,26.296361923217773,1.0
train,1362,37.98573251857541,4.061443441916507,0.37492951743122077,0.00638628601193742,8.112015724182129,27.621479034423828,1.0
train,1363,38.01822846318792,4.070081066657805,0.37484574623261446,0.006389544215460352,8.179512023925781,27.87175941467285,1.0
train,1364,38.019713587783606,4.069903985423742,0.3746667820762637,0.006391176495357619,8.21590805053711,28.016311645507812,1.0
train,1365,38.036620228359475,4.044967584369211,0.37516360975559315,0.006404340604643219,8.28050708770752,28.257299423217773,1.0
train,1366,38.061479273271615,4.0515179262464835,0.37455885950305545,0.006398698555357102,7.957730770111084,27.17571449279785,1.0
train,1367,38.03574947380906,4.019696617754571,0.3747220609897316,0.0064061701314502215,8.3347806930542,28.484180450439453,1.0
train,1368,38.100846226033035,4.041990010065776,0.3742017435408145,0.006401951947001881,8.011868476867676,27.400653839111328,1.0
train,1369,38.07324534338383,4.012944589636503,0.3741836533893651,0.006406319283382542,7.793717861175537,26.674062728881836,1.0
train,1370,38.137484210251976,4.039862852239626,0.37400840762068926,0.0064079935751824605,8.302848815917969,28.437326431274414,1.0
train,1371,38.14905275916425,4.044241979538282,0.37392332786786175,0.0064112094535110275,8.159479141235352,27.9666805267334,1.0
train,1372,38.12340406633496,3.982996974460729,0.37548914524473376,0.006442749768515538,8.1746826171875,28.039228439331055,1.0
train,1373,38.19819656466984,4.037006125535626,0.3743850869919588,0.006428485367963863,8.350604057312012,28.66351890563965,1.0
train,1374,38.207733095673646,4.019955805008376,0.3740012430246174,0.006426569014243155,8.39931583404541,28.851715087890625,1.0
train,1375,38.266254757247125,4.042799836935859,0.37487607119155814,0.00644628691606946,8.098856925964355,27.839889526367188,1.0
train,1376,38.240135707918036,4.0085871082673,0.3741831934761748,0.00643904916463219,7.955529689788818,27.367090225219727,1.0
train,1377,38.23552196906069,3.991043945044508,0.3742318542458136,0.006444563963169405,8.078973770141602,27.811933517456055,1.0
train,1378,38.27787977847432,4.011453572010497,0.37358956070030036,0.006438172570651371,8.199935913085938,28.24884605407715,1.0
train,1379,38.29100181643796,3.9908677626999576,0.3739161674591634,0.0064484745602582634,8.1766357421875,28.18902015686035,1.0
train,1380,38.34378563315276,4.0239532001717295,0.3745145452271178,0.0064634750130295356,8.038050651550293,27.731348037719727,1.0
test,1380,36.95891178201578,3.052338779659491,0.3841779257755339,0.006630248291963753,8.228067398071289,28.386899948120117,1.0
train,1381,38.30123096274841,3.966246414044991,0.37312502744125436,0.006444157929400447,8.063323020935059,27.83868408203125,1.0
train,1382,38.35453924520348,3.99566538169015,0.3733840262632513,0.00645329787305493,8.1503324508667,28.15946388244629,1.0
train,1383,38.35861397836394,3.971447455765256,0.3740804339345017,0.00647000961443188,8.339548110961914,28.83405876159668,1.0
train,1384,38.41785315755432,4.003384201770033,0.3735910674568676,0.006466215065131679,8.274837493896484,28.631006240844727,1.0
train,1385,38.398575822904874,3.9691059658303174,0.373531548827723,0.006469853578074324,8.246748924255371,28.554433822631836,1.0
train,1386,38.436130086799004,3.98165244790952,0.37407491846569635,0.0064839406268066046,8.239497184753418,28.5499267578125,1.0
train,1387,38.432880682165354,3.9605252335370786,0.37265486286273597,0.006463984143142825,8.216277122497559,28.490009307861328,1.0
train,1388,38.46381125535626,3.9623273785978808,0.37389584194815645,0.006490183106934217,8.718228340148926,30.2523250579834,1.0
train,1389,38.48356223917688,3.9633112047951253,0.37336510770974296,0.006485637078519249,8.155980110168457,28.321706771850586,1.0
train,1390,38.49573253739068,3.9623689285094077,0.37244170321852915,0.006474251892994787,7.839425086975098,27.2420654296875,1.0
train,1391,38.53852809483081,3.9809905079054038,0.3737428737044378,0.0065015417998513046,8.420040130615234,29.28076171875,1.0
train,1392,38.560365371899515,3.9672898628578226,0.3733762586853943,0.006499830989022603,7.927943706512451,27.589309692382812,1.0
train,1393,38.556945890111884,3.953101729369626,0.3736357530132563,0.006509018313618524,8.2289457321167,28.657373428344727,1.0
train,1394,38.63408603800813,3.997513431530927,0.37411708112954656,0.006522079410479777,8.064373016357422,28.104406356811523,1.0
train,1395,38.59679606856769,3.945863759347558,0.3729514105608731,0.006506419401738668,7.8470025062561035,27.366485595703125,1.0
train,1396,38.62556211999865,3.946068761988171,0.3734390029879311,0.0065195933411090635,8.57651424407959,29.932104110717773,1.0
train,1397,38.66781831581515,3.9759915767464498,0.3733062562687773,0.006521941676606202,8.132838249206543,28.404006958007812,1.0
train,1398,38.6312377725902,3.9360912503055108,0.373311473736168,0.006526698756476545,8.183825492858887,28.6025390625,1.0
train,1399,38.66720348795037,3.933088814169768,0.3727335059245864,0.006521252702196965,8.533769607543945,29.846927642822266,1.0
train,1400,38.7020931948771,3.937868807109075,0.3724142752241574,0.006520322234193355,8.226941108703613,28.794361114501953,1.0
test,1400,37.249563858760695,2.9218897145300784,0.38212503112603174,0.006690340576212346,8.273016929626465,28.95562744140625,1.0
train,1401,38.71636810749388,3.9320707855057115,0.37261078517340146,0.006528419948563393,8.098299980163574,28.364362716674805,1.0
train,1402,38.70310858130848,3.9066622329639333,0.3718673079344452,0.006520041547173343,7.934759616851807,27.8113956451416,1.0
train,1403,38.76533927177711,3.9306215746168074,0.37331247382054084,0.006550045937614977,7.878035068511963,27.632272720336914,1.0
train,1404,38.790356942772476,3.9352186630812924,0.37449373258499274,0.006575452707691786,8.437378883361816,29.61526870727539,1.0
train,1405,38.80280274224726,3.9404489550013007,0.3729245359976999,0.006552561460103237,8.043787956237793,28.253875732421875,1.0
train,1406,38.80465354598402,3.926503158775913,0.37166922562644894,0.006535150123977067,8.218518257141113,28.888158798217773,1.0
train,1407,38.80377653689337,3.902407950810622,0.371996583320961,0.006545555625999696,8.302767753601074,29.205053329467773,1.0
train,1408,38.860370271684836,3.918593266051286,0.3731515321197677,0.006570541733932579,8.138049125671387,28.645999908447266,1.0
train,1409,38.87570662346682,3.9162701279786405,0.37301082380778444,0.006572726277239249,8.244582176208496,29.041608810424805,1.0
train,1410,38.896822660343574,3.917606737602337,0.37206142479972965,0.006560647468082024,8.408676147460938,29.640653610229492,1.0
train,1411,38.91427219808211,3.9222899072998136,0.37177595130872954,0.006560260380886684,8.040726661682129,28.36372947692871,1.0
train,1412,38.964454444301815,3.9398804771738787,0.37200863807139445,0.006569015953094631,8.156404495239258,28.79217529296875,1.0
train,1413,38.97293473406672,3.9253056034516645,0.37155217039162014,0.006565599477224953,7.89974308013916,27.90590476989746,1.0
train,1414,38.991351037247036,3.9119076999255338,0.3725086146556018,0.006587156441207914,8.403027534484863,29.704771041870117,1.0
train,1415,39.01505029973555,3.919529233360919,0.373587005704565,0.006610895251440201,8.07512378692627,28.565814971923828,1.0
train,1416,39.029183305055724,3.9036202568559477,0.37257269124080966,0.006597602908211244,7.915701389312744,28.02164649963379,1.0
train,1417,38.97693986051736,3.8503604781440095,0.3723990827351754,0.006599183131898852,8.240803718566895,29.193113327026367,1.0
train,1418,39.0905723948641,3.9181295228100415,0.372653135571164,0.006608342831671794,8.059782981872559,28.571996688842773,1.0
train,1419,39.0586554090749,3.879544975205389,0.37213011377685634,0.006603719128465447,7.892947673797607,28.00029945373535,1.0
train,1420,39.09630723039702,3.895100939374157,0.3726627058133161,0.006617828178941677,7.984045505523682,28.343427658081055,1.0
test,1420,37.669847120330736,2.9055308078049262,0.37991572760872766,0.006746628971914498,7.761294841766357,27.552661895751953,1.0
train,1421,39.10000430154923,3.880936422672544,0.371924011950697,0.006609358872367536,8.454401969909668,30.034332275390625,1.0
train,1422,39.100302434168235,3.8643817978379844,0.3717930874369147,0.00661167919785261,8.28581714630127,29.456146240234375,1.0
train,1423,39.166033027724296,3.90277064993754,0.37200987892974396,0.006620184107679971,7.94741678237915,28.272998809814453,1.0
train,1424,39.15177288397389,3.85728700807406,0.3719003484051087,0.006622883222474826,8.117443084716797,28.898162841796875,1.0
train,1425,39.12888079774803,3.8348729524078538,0.3721108281302705,0.0066312824119391395,8.659589767456055,30.8498592376709,1.0
train,1426,39.20561769599231,3.877516270905155,0.37187370833485195,0.006631704723266978,8.059378623962402,28.73175048828125,1.0
train,1427,39.20686068152753,3.867422372571636,0.37062889291740275,0.006614138057055605,7.950279235839844,28.362689971923828,1.0
train,1428,39.220071836569964,3.847306246989558,0.37211365879476177,0.006645285723193497,8.135416030883789,29.043502807617188,1.0
train,1429,39.232475093725704,3.84787972733253,0.3716462153111279,0.006641583130096034,8.141615867614746,29.085987091064453,1.0
train,1430,39.289502513395576,3.857853721621444,0.37174687418709124,0.0066480283472985175,8.112607955932617,29.00263786315918,1.0
train,1431,39.26768121673997,3.8384081062012614,0.37025996158291385,0.006626065359923919,8.213695526123047,29.384565353393555,1.0
train,1432,39.316635986060135,3.8675986777458093,0.37130801092343935,0.006649461834299247,7.67828893661499,27.48833656311035,1.0
train,1433,39.31985892230584,3.83876145911051,0.3709239303694947,0.006647219724556995,8.382414817810059,30.030073165893555,1.0
train,1434,39.352206008581724,3.8444636903575082,0.3713015581808638,0.0066586278879307535,8.174086570739746,29.304162979125977,1.0
train,1435,39.353273939571665,3.828621203760677,0.3706964450226221,0.006652409510295252,7.968656063079834,28.587621688842773,1.0
train,1436,39.37816463544436,3.826644903044102,0.37168928105186466,0.006674872305432002,8.156608581542969,29.28229331970215,1.0
train,1437,39.356159708502524,3.8008955150482815,0.3711619085764824,0.00667004070231255,8.058850288391113,28.951486587524414,1.0
train,1438,39.42888272868553,3.8279998142816103,0.37031529074486386,0.006659454862311262,8.310076713562012,29.874792098999023,1.0
train,1439,39.44664538844444,3.836526082803424,0.37137304083401584,0.006683118295153,8.423846244812012,30.304859161376953,1.0
train,1440,39.48100925896397,3.836889122503387,0.3712390651207375,0.006685347332507266,8.150060653686523,29.34028434753418,1.0
test,1440,38.04185934434845,2.8158926816402676,0.37973685619576836,0.006838377253744637,8.189425468444824,29.48200035095215,1.0
train,1441,39.49921848954537,3.8355519657295525,0.3713066507249449,0.006691205296585702,7.8670830726623535,28.341232299804688,1.0
train,1442,39.49885343990612,3.814470600305439,0.3713096705191396,0.006695900622131572,8.2020263671875,29.568374633789062,1.0
train,1443,39.509694713225436,3.806198784513784,0.3708693367894909,0.0066925954001421034,8.1196928024292,29.291858673095703,1.0
train,1444,39.49912177098788,3.7813983949339525,0.3700573227146454,0.006682567294758997,8.00259017944336,28.88941764831543,1.0
train,1445,39.56263075771674,3.8068498317636155,0.3709441686435536,0.00670321846990601,7.9524736404418945,28.728378295898438,1.0
train,1446,39.57588313884714,3.8071309552714365,0.3708225945348143,0.006705656360322495,8.150125503540039,29.4627685546875,1.0
train,1447,39.62406711180569,3.83028845956288,0.3706912170867976,0.006707913813489414,8.314101219177246,30.076330184936523,1.0
train,1448,39.618446358472404,3.827019846051157,0.370745073689064,0.006713522235925572,8.232364654541016,29.80122947692871,1.0
train,1449,39.63396589667903,3.794505918065227,0.37054773673355207,0.006714580204365639,8.399510383605957,30.427295684814453,1.0
train,1450,39.63485280332485,3.7734311854407503,0.3703566906088401,0.006715747312689587,8.517374038696289,30.87554931640625,1.0
train,1451,39.66812958701644,3.7808471802517123,0.37087148002683135,0.006729717515640024,8.054889678955078,29.21917724609375,1.0
train,1452,39.705853914106626,3.8032869519744215,0.370489776505248,0.006727421902390947,8.21276569366455,29.812402725219727,1.0
train,1453,39.71910578716905,3.790706764330063,0.3710312848556971,0.006741892138469038,8.26936149597168,30.03852653503418,1.0
train,1454,39.70955564999292,3.778796182374923,0.37002753094792845,0.0067282781252505815,7.888925075531006,28.676305770874023,1.0
train,1455,39.742858745743845,3.776130031414011,0.3698734048954349,0.006730098578329524,8.074492454528809,29.37102699279785,1.0
train,1456,39.744975292765524,3.7645601341674673,0.36958885541818887,0.006729540405448359,8.247499465942383,30.020965576171875,1.0
train,1457,39.808491611585396,3.797730999641963,0.3693828345479173,0.006730405964062003,8.175718307495117,29.780120849609375,1.0
train,1458,39.79677046919933,3.7646508996756225,0.3700644210106368,0.00674745027472167,7.988269329071045,29.1173038482666,1.0
train,1459,39.79565433176978,3.7460821705164595,0.3705021997445501,0.006760063186451895,7.915963649749756,28.8735408782959,1.0
train,1460,39.815967972968636,3.742906901934973,0.36861093830285907,0.006730163018447805,8.18831729888916,29.887426376342773,1.0
test,1460,38.518607193141094,2.8289225543245267,0.37930054191001833,0.006925335671787949,8.414525032043457,30.713083267211914,1.0
train,1461,39.8503637512743,3.7557638414692103,0.37052704692104993,0.006769778789845446,8.280306816101074,30.2438907623291,1.0
train,1462,39.888306387082324,3.7652447194875136,0.3697330497186174,0.0067598931269565584,8.173782348632812,29.8752384185791,1.0
train,1463,39.898243109559644,3.758056573627024,0.37023433136756806,0.006773685612164589,8.40121841430664,30.727527618408203,1.0
train,1464,39.93901259934906,3.7718852629733095,0.37029760327916683,0.006779471471427543,8.240561485290527,30.1605224609375,1.0
train,1465,39.97723915443462,3.7852382443564476,0.3702780377764515,0.0067837412755023556,7.860596656799316,28.789499282836914,1.0
train,1466,39.95166169441187,3.745733127810342,0.3700647943847746,0.006784459861309131,8.08629035949707,29.636320114135742,1.0
train,1467,40.005153582028925,3.773609952790546,0.36910424091159055,0.006771463215223637,7.7557549476623535,28.444293975830078,1.0
train,1468,39.979255334300696,3.7351332663442904,0.36888270442668136,0.006772009553511248,7.999602794647217,29.358606338500977,1.0
train,1469,39.98847779414613,3.719555388254165,0.36909121050312976,0.006780450521233466,7.993843078613281,29.35745620727539,1.0
train,1470,40.05833913954544,3.756993488824023,0.37058554592474535,0.006812534310885808,8.568076133728027,31.487747192382812,1.0
train,1471,40.07196243124221,3.7568731548757377,0.3698574865950449,0.006803773034178864,7.955572605133057,29.256681442260742,1.0
train,1472,40.06084552545753,3.7345276158064484,0.36930615047897297,0.0067982467070010115,8.461843490600586,31.1396541595459,1.0
train,1473,40.10670060549644,3.75711241581481,0.36844075088138073,0.0067869213415796764,8.337410926818848,30.70258140563965,1.0
train,1474,40.10445190636265,3.7241372514285755,0.36926743053404176,0.006806764706654301,8.479025840759277,31.245275497436523,1.0
train,1475,40.1287878631804,3.7184281138068713,0.36866450876793583,0.006800258800308456,7.841441631317139,28.91537857055664,1.0
train,1476,40.185006116189406,3.7519509643152698,0.36982018756552404,0.006826198344213516,8.34977912902832,30.81075096130371,1.0
train,1477,40.19314150176901,3.7385238440883843,0.3689634202384181,0.0068149955816395645,8.141855239868164,30.063867568969727,1.0
train,1478,40.201125614293275,3.730299786687377,0.36820875992061364,0.006805658661448591,8.157983779907227,30.143817901611328,1.0
train,1479,40.25783450325199,3.7508200049792895,0.3695332177863904,0.006834757521467375,8.136049270629883,30.083105087280273,1.0
train,1480,40.23359763644093,3.709323256346406,0.36949206358166,0.006838614536578901,7.795261383056641,28.842529296875,1.0
test,1480,38.948917335187886,2.8170080050616195,0.3808275958574601,0.00704841426826925,8.19326114654541,30.315134048461914,1.0
train,1481,40.21116163475017,3.683948655029029,0.36882940683877824,0.006830959892731859,8.423903465270996,31.1895751953125,1.0
train,1482,40.263530558123065,3.6923959776023088,0.36892666347376646,0.006837372270842176,8.129754066467285,30.120803833007812,1.0
train,1483,40.320175285353315,3.7403719776766318,0.3689069011644963,0.0068416168881804615,8.250761985778809,30.589765548706055,1.0
train,1484,40.311612722073725,3.6930973682480333,0.36899366703305625,0.006847837976881179,8.10542106628418,30.07118034362793,1.0
train,1485,40.33617336916653,3.7082083039435543,0.3680449533584656,0.0068348317128054305,7.870273113250732,29.218454360961914,1.0
train,1486,40.398833072800535,3.7495836689931936,0.36913120550329415,0.0068596177930645005,8.115531921386719,30.14927101135254,1.0
train,1487,40.330235760071496,3.6686595940476496,0.3685680051622834,0.006853758400225971,8.095749855041504,30.09601402282715,1.0
train,1488,40.36477264448962,3.667285197565419,0.3683027455189967,0.006853429051001864,7.815125942230225,29.07233238220215,1.0
train,1489,40.43384163972008,3.710254193224664,0.3681333208973923,0.006854877580268169,8.0955228805542,30.135650634765625,1.0
train,1490,40.441192892153445,3.697483519167853,0.36826568796134806,0.006861945200315894,8.58948802947998,31.99591064453125,1.0
train,1491,40.45128579528786,3.697635933980373,0.36865552615386593,0.006873816842217346,7.913477420806885,29.497549057006836,1.0
train,1492,40.459036211892446,3.6859576842569406,0.36725081378533386,0.0068522152624666205,8.478262901306152,31.623987197875977,1.0
train,1493,40.4557254315295,3.65869650367935,0.3683236091074994,0.006876835207124287,8.399897575378418,31.352685928344727,1.0
train,1494,40.49305640093974,3.6718835813241086,0.36836814671002416,0.006882270893762821,7.98776388168335,29.83436393737793,1.0
train,1495,40.529610350155544,3.6791818160257015,0.36843525844312963,0.006888129731351201,8.219351768493652,30.719894409179688,1.0
train,1496,40.53234505679553,3.6671271995882213,0.368098203489469,0.006886429043647439,8.094053268432617,30.271820068359375,1.0
train,1497,40.56291902488376,3.6695747082372137,0.36829731170397473,0.006894757242033141,8.305824279785156,31.084613800048828,1.0
train,1498,40.57116536609079,3.6730259638150184,0.3687800146745667,0.00690840303435053,8.168797492980957,30.592212677001953,1.0
train,1499,40.62909080011261,3.682321553347183,0.36781037878824424,0.006894835891635355,8.470499038696289,31.743261337280273,1.0
train,1500,40.656996656153346,3.685586923040229,0.3680397784627055,0.006903736169375739,8.094749450683594,30.355377197265625,1.0
test,1500,39.304707608973935,2.757693220759214,0.3768545973774108,0.007069085644430144,8.462950706481934,31.736133575439453,1.0
train,1501,40.636626615220706,3.665174722235324,0.36705647359346233,0.006889878960824693,8.255647659301758,30.97938346862793,1.0
train,1502,40.64178961046528,3.627651483987305,0.3669497067353423,0.0068924612929490104,8.382746696472168,31.477283477783203,1.0
train,1503,40.66174996435708,3.64417593739995,0.3670466339636146,0.006898869513067486,8.246264457702637,30.985401153564453,1.0
train,1504,40.662399872641316,3.6268565027520983,0.3677108595757706,0.0069159499722042436,7.682948589324951,28.8879451751709,1.0
train,1505,40.69653503440301,3.64267555680678,0.3672713514565985,0.006912274083561899,8.16904354095459,30.7360897064209,1.0
train,1506,40.742934955941685,3.6582892397319795,0.3678781953958902,0.006928293279578759,7.776198863983154,29.277450561523438,1.0
train,1507,40.746910086840096,3.641995627846074,0.3675132134525147,0.00692601298753043,8.103757858276367,30.530973434448242,1.0
train,1508,40.75498625318777,3.6265784890670023,0.3672588249287499,0.006925809155271232,8.243290901184082,31.077274322509766,1.0
train,1509,40.765455086153594,3.622229477358615,0.3669000724013629,0.0069236295511331545,8.344171524047852,31.478452682495117,1.0
train,1510,40.7987145424936,3.6269694948388334,0.3672308539716132,0.006934461529017044,8.057161331176758,30.415851593017578,1.0
train,1511,40.84120933624837,3.6373901311355854,0.3675836799696955,0.006945718318551779,8.175890922546387,30.88449478149414,1.0
train,1512,40.82008248199005,3.6116016554038604,0.36711198979142906,0.006941393885295219,8.366116523742676,31.623987197875977,1.0
train,1513,40.87429744107707,3.635372933737751,0.36778393971191586,0.006958696027822749,8.113716125488281,30.69019889831543,1.0
train,1514,40.89952809584695,3.638867704501049,0.367000069672312,0.006948451771613373,8.126673698425293,30.7595272064209,1.0
train,1515,40.908198319291,3.610182152534203,0.3680088714588443,0.0069721511751661275,8.320520401000977,31.514036178588867,1.0
train,1516,40.91459319376047,3.6093546437815873,0.3673838661827537,0.006964901910398594,8.126975059509277,30.801298141479492,1.0
train,1517,40.93468629576721,3.6040831369399324,0.36745583177965024,0.006970858980318403,8.091269493103027,30.686206817626953,1.0
train,1518,40.949784832649776,3.6043732884250366,0.3669238490060359,0.006965353035376104,8.058218955993652,30.58100700378418,1.0
train,1519,40.962152698124626,3.601157675895593,0.3673551421962812,0.006978131798297607,8.220474243164062,31.217315673828125,1.0
train,1520,40.98125661828341,3.5974433639308625,0.36642190086680193,0.006964984133866259,7.90709924697876,30.047040939331055,1.0
test,1520,39.76976005926807,2.7815866367416144,0.3760624995980857,0.007148233598610372,8.194025039672852,31.137359619140625,1.0
train,1521,41.00876653163895,3.6028136927873016,0.36707677188654153,0.006982019988499187,8.115724563598633,30.860107421875,1.0
train,1522,41.06445811495343,3.6179420256239565,0.36649703630544395,0.006975573825462555,8.256651878356934,31.4166259765625,1.0
train,1523,41.05433746628215,3.5874482094478224,0.3673835332865598,0.006997038443874254,8.294222831726074,31.580320358276367,1.0
train,1524,41.02673996563495,3.5590495986463906,0.3661718518577824,0.006978537939031544,8.162344932556152,31.098602294921875,1.0
train,1525,41.064518760683946,3.57092700543702,0.36659196825023976,0.006991126498513221,8.624302864074707,32.880218505859375,1.0
train,1526,41.11701063930094,3.5997814537185127,0.3659765953290083,0.006983965221498535,8.533288955688477,32.5545654296875,1.0
train,1527,41.14063795852522,3.6037542271256404,0.3669465257272675,0.0070070608658955105,7.98788595199585,30.493818283081055,1.0
train,1528,41.11976112256851,3.56196364770213,0.3663623696755368,0.00700048513237343,8.300307273864746,31.707239151000977,1.0
train,1529,41.16033526300904,3.572956809620695,0.3662827816630649,0.007003542434385504,8.208000183105469,31.375146865844727,1.0
train,1530,41.18350727096652,3.5638742959852667,0.36629085771077025,0.007008275031030219,8.193741798400879,31.34112548828125,1.0
train,1531,41.19711586637808,3.561431555358909,0.3665925342435589,0.007018628982966136,8.058435440063477,30.84372329711914,1.0
train,1532,41.24675756594745,3.588866478438086,0.3668617139663445,0.0070283678994129154,7.677485942840576,29.404834747314453,1.0
train,1533,41.2475697209972,3.575277290106954,0.36609714562492496,0.007018295990838571,8.352279663085938,32.01017761230469,1.0
train,1534,41.28054538786826,3.575283336674299,0.3658485503324082,0.00701810292353199,8.431086540222168,32.333282470703125,1.0
train,1535,41.256233455408115,3.5263650491479286,0.36702841539937764,0.0070453237688575055,8.578028678894043,32.91825485229492,1.0
train,1536,41.3079724610179,3.5750615622069954,0.36565000462174374,0.0070234345407748245,8.3178071975708,31.940448760986328,1.0
train,1537,41.34406412001106,3.581367679711798,0.36618079120232605,0.007038206734041616,8.140402793884277,31.279560089111328,1.0
train,1538,41.30670493049496,3.5253110816528452,0.36532508537440433,0.007026325679700035,7.908203125,30.4071044921875,1.0
train,1539,41.36425782366633,3.5464310267448775,0.36655451568369024,0.007054552881372282,8.287363052368164,31.885696411132812,1.0
train,1540,41.400061413694814,3.568822582257435,0.3665686306218895,0.0070594061811636456,8.632128715515137,33.233760833740234,1.0
test,1540,40.19776628674636,2.748520999934265,0.3766856286868941,0.007254240088674359,8.140891075134277,31.342493057250977,1.0
train,1541,41.392517442978914,3.5292334614155974,0.36666420253693643,0.007065829556472972,8.03807258605957,30.966739654541016,1.0
train,1542,41.451220500176966,3.5728362020973403,0.36545972897375717,0.00704718644963131,8.040013313293457,30.99431800842285,1.0
train,1543,41.41007290312191,3.514378686898626,0.3650631072361566,0.007044101196421651,8.141204833984375,31.40476417541504,1.0
train,1544,41.50836512861869,3.583319263758347,0.3649897967944684,0.007047248545793372,7.820170879364014,30.1859188079834,1.0
train,1545,41.49486305021865,3.541350519966826,0.36557190591844935,0.007063057141365934,8.238051414489746,31.81954002380371,1.0
train,1546,41.53727073404233,3.5652971655032246,0.36582562655613965,0.0070725315314396405,8.209968566894531,31.731597900390625,1.0
train,1547,41.55858316990294,3.5605221192478216,0.3659813654453293,0.007080116751488079,8.127018928527832,31.43131446838379,1.0
train,1548,41.545717845851144,3.5459878295496448,0.3656541270909622,0.007078356359745107,8.17387866973877,31.632970809936523,1.0
train,1549,41.563704676650794,3.5269685222515466,0.36546833193262895,0.00707932762230715,8.157150268554688,31.5886287689209,1.0
train,1550,41.568609070873855,3.511608990565613,0.3650623339678488,0.007076026035694688,8.108433723449707,31.420246124267578,1.0
train,1551,41.58828148002638,3.5309846712650503,0.36542594105692255,0.007087641222108432,7.996758937835693,31.007497787475586,1.0
train,1552,41.65424074186234,3.553510697298856,0.36493440761349816,0.00708266887902723,7.829539775848389,30.37867546081543,1.0
train,1553,41.647695789134765,3.5273729499512614,0.3652441190181527,0.007093244871484027,7.961575508117676,30.9108829498291,1.0
train,1554,41.63872126088315,3.4932169797348096,0.3660901213058656,0.007114250377518862,8.20640754699707,31.8819580078125,1.0
train,1555,41.69627847681977,3.5275676181540576,0.36491979647153816,0.007096068429025848,8.04461669921875,31.27351188659668,1.0
train,1556,41.693261876195244,3.506591484217778,0.3650561966740775,0.007103283552975018,7.988861083984375,31.07673454284668,1.0
train,1557,41.72185915274538,3.5255017913918856,0.3646173864504901,0.00709930242106879,8.151036262512207,31.72797203063965,1.0
train,1558,41.74249405063555,3.5032376548635886,0.36586502625137035,0.007128167514369326,8.380467414855957,32.64198684692383,1.0
train,1559,41.717471192880204,3.4709381092349294,0.36511203948717785,0.0071180604778143,8.40302848815918,32.7508659362793,1.0
train,1560,41.777516130209406,3.495038621206664,0.3652156211498496,0.0071246445981723245,8.222315788269043,32.067100524902344,1.0
test,1560,40.50739425511253,2.652269797763856,0.3700319788716318,0.007218602345426738,7.785530090332031,30.363630294799805,1.0
train,1561,41.79992622741185,3.500075752378339,0.36515156340782257,0.007127958894641117,8.457510948181152,33.0055046081543,1.0
train,1562,41.81799153657,3.4979667733363775,0.3657799534774987,0.007144797205823772,8.28249454498291,32.34321212768555,1.0
train,1563,41.855363924687396,3.5103891472479734,0.36454953564596054,0.007125319809384146,7.99734354019165,31.249683380126953,1.0
train,1564,41.888643731662654,3.5011465754475823,0.36517571129294657,0.0071421229943744585,7.946965217590332,31.072696685791016,1.0
train,1565,41.84513172717745,3.460044204817994,0.3653443312409419,0.007149987218365346,8.160989761352539,31.929935455322266,1.0
train,1566,41.881882147958244,3.470111482622333,0.36529034622588785,0.0071534963749812774,8.33794116973877,32.64310836791992,1.0
train,1567,41.92139419600329,3.4784439483318756,0.3650175416334357,0.007152716294051581,8.300509452819824,32.51731491088867,1.0
train,1568,41.928806752980606,3.4820353413430754,0.3644322961666974,0.00714580304052845,8.050009727478027,31.55609703063965,1.0
train,1569,41.935556967965944,3.45942493135834,0.3640477619806228,0.007142813220791587,8.144628524780273,31.947370529174805,1.0
train,1570,41.96038333182364,3.4575674627187527,0.36442452160988453,0.007154760298686424,8.395029067993164,32.950557708740234,1.0
train,1571,41.994535994015024,3.47708086334128,0.3646097410043604,0.007162953884004274,7.8892717361450195,30.985177993774414,1.0
train,1572,42.023414188891685,3.47352370629588,0.36412241936078926,0.007157931264079073,8.256921768188477,32.449764251708984,1.0
train,1573,42.02491852096965,3.4703929467031993,0.3642726462706515,0.007165437382668661,8.004300117492676,31.476972579956055,1.0
train,1574,42.0755671498717,3.4929932232440457,0.3641574006790736,0.007167721952681729,8.37033748626709,32.93734359741211,1.0
train,1575,42.08188201479977,3.477341552466383,0.3642649024212443,0.007174390768915819,8.548405647277832,33.6594123840332,1.0
train,1576,42.07022396496613,3.454100144376172,0.36439775103315347,0.0071815618092939204,8.561750411987305,33.73336410522461,1.0
train,1577,42.10427242436777,3.4531884080012376,0.3641931294435291,0.0071820810797435875,8.379709243774414,33.03706741333008,1.0
train,1578,42.10345378028487,3.444865433671646,0.36374579931064444,0.007177805860806427,7.954169750213623,31.379262924194336,1.0
train,1579,42.157834102939084,3.4411481179643193,0.3643949971371765,0.007195170981340794,7.898478984832764,31.179309844970703,1.0
train,1580,42.1676858370879,3.450997512767134,0.3640700332245197,0.007193304818200891,7.916621685028076,31.270715713500977,1.0
test,1580,40.90427842671374,2.576991601598226,0.3727938280651594,0.007365669774757122,8.010226249694824,31.640457153320312,1.0
train,1581,42.1813616803222,3.4544207520245895,0.36389095740487537,0.0071943148157833274,8.402880668640137,33.21245193481445,1.0
train,1582,42.17609585853797,3.433637354516128,0.36433900078704756,0.00720772665019768,8.512791633605957,33.66815948486328,1.0
train,1583,42.231094612989764,3.4477641011087004,0.36403334415573974,0.00720622979994351,8.425566673278809,33.34424591064453,1.0
train,1584,42.258218860870485,3.4471599580253214,0.36501192845924846,0.007230163579159363,8.692581176757812,34.42269515991211,1.0
train,1585,42.24717183955807,3.4310423889048494,0.3628628343790824,0.007192129612488748,8.1077880859375,32.127174377441406,1.0
train,1586,42.28347017474546,3.447863403275647,0.36319231576985855,0.007203199554529131,8.329099655151367,33.02494430541992,1.0
train,1587,42.3108138870591,3.4401801088726045,0.36468585838209,0.0072373791286669655,8.232720375061035,32.663387298583984,1.0
train,1588,42.29075161110033,3.412809341938732,0.36324212736931644,0.0072132676139317975,8.1546049118042,32.37384033203125,1.0
train,1589,42.351484854928835,3.4339940517410183,0.363465444185862,0.00722224510634503,8.002360343933105,31.789438247680664,1.0
train,1590,42.358961002756025,3.4155528867283977,0.36328725259992345,0.007223244984534936,8.36585521697998,33.25434112548828,1.0
train,1591,42.39706224091883,3.4308201454517127,0.36285604176135716,0.00721920646099355,8.170321464538574,32.49751663208008,1.0
train,1592,42.377612692159126,3.4040447225336883,0.36275433534412127,0.00722171693557412,8.161799430847168,32.48402786254883,1.0
train,1593,42.414559454696324,3.4234311284924703,0.3630768622053965,0.007232675810485146,8.445972442626953,33.63615036010742,1.0
train,1594,42.419306800080186,3.3900757450085615,0.36331892798682336,0.007242038916453311,8.0980224609375,32.270687103271484,1.0
train,1595,42.47543621377285,3.43427983160818,0.3637959068178302,0.00725609353315945,8.252829551696777,32.90822219848633,1.0
train,1596,42.46265117702491,3.386790315004831,0.3633322724482972,0.0072513873101844786,8.171475410461426,32.60425567626953,1.0
train,1597,42.49757529857872,3.415253042869414,0.36306332652053247,0.007250557523765768,8.269103050231934,33.014461517333984,1.0
train,1598,42.50062855826251,3.3890047544443775,0.36345561642023916,0.007262934491564681,7.8251953125,31.26171875,1.0
train,1599,42.50324261829699,3.375746167626435,0.36358115457589923,0.007269987430798837,8.297038078308105,33.167476654052734,1.0
train,1600,42.56629243718806,3.4131006379725948,0.36240185689804016,0.007250936352815989,7.8244524002075195,31.297870635986328,1.0
test,1600,41.26830969490036,2.5270715200292666,0.3740258266573875,0.00748350873976101,8.21776294708252,32.87112045288086,1.0
train,1601,42.6051326965265,3.421347591931943,0.36357068823581645,0.007278866509361802,8.192830085754395,32.7918701171875,1.0
train,1602,42.57464115548998,3.382932979110567,0.36254439230066404,0.007262850904598222,8.18744945526123,32.790802001953125,1.0
train,1603,42.59211659911261,3.381031168977114,0.36307937532739676,0.007278106256577676,8.163970947265625,32.71718215942383,1.0
train,1604,42.62544025486745,3.378043472396119,0.3625309354780011,0.007271643691163069,7.9631171226501465,31.93216323852539,1.0
train,1605,42.68565737420371,3.414456788672661,0.3628878776642415,0.007283338880610925,8.308669090270996,33.338600158691406,1.0
train,1606,42.65560719350123,3.367685272629951,0.36316890486247194,0.0072935183925862375,8.186616897583008,32.86933135986328,1.0
train,1607,42.68313402384574,3.3847545200854574,0.36251335339453733,0.007284883921148083,8.205557823181152,32.96589279174805,1.0
train,1608,42.69858601553031,3.3682644757167175,0.36246735649234507,0.00728848997967451,8.241159439086914,33.1295280456543,1.0
train,1609,42.71933002660356,3.364890759129948,0.36311713566589915,0.007306094243097949,8.414876937866211,33.848907470703125,1.0
train,1610,42.744427503354814,3.3548699444220524,0.3631187038372778,0.007310664325372116,8.14793586730957,32.79551315307617,1.0
train,1611,42.79570992473626,3.3948613322788743,0.36288179201474347,0.007310430151408374,8.101096153259277,32.62722396850586,1.0
train,1612,42.77562575858458,3.3652405388138034,0.362560858449088,0.00730849634620384,8.257597923278809,33.27818298339844,1.0
train,1613,42.8142749592362,3.377302804186891,0.3621978438733656,0.007305705724132759,8.276673316955566,33.37575149536133,1.0
train,1614,42.84600216488327,3.3809985521290704,0.36270250961800615,0.0073204184043263,8.47216796875,34.18526840209961,1.0
train,1615,42.851095152825955,3.3589126748825837,0.3627525703661877,0.00732596273321965,8.277420997619629,33.42015075683594,1.0
train,1616,42.86929831171577,3.3647647582695157,0.3622546127939067,0.0073204339702470115,7.8271708488464355,31.6218318939209,1.0
train,1617,42.9091652731646,3.3762812469627583,0.3628958734539547,0.007337928297638381,8.32011890411377,33.634151458740234,1.0
train,1618,42.901890032726726,3.3479608674647823,0.36221063141416293,0.007328599555663552,8.295109748840332,33.55378341674805,1.0
train,1619,42.9464762227421,3.3551677671754225,0.36304335414469135,0.007349985604056687,8.257742881774902,33.423274993896484,1.0
train,1620,42.95404078137774,3.36298895457966,0.3622736604580982,0.007338930756718642,8.285490989685059,33.556304931640625,1.0
test,1620,41.60634971968932,2.4223088776801434,0.3713006828479756,0.0075217999506172195,8.163522720336914,33.06232833862305,1.0
train,1621,42.936259829775565,3.3200924507305816,0.3621991845307837,0.007341949062302657,8.075641632080078,32.72660446166992,1.0
train,1622,42.99616058187698,3.3656716931228274,0.3619922522088786,0.007342278896765751,7.920492649078369,32.11765670776367,1.0
train,1623,42.965569245959216,3.320164077150224,0.3616757963412941,0.0073403807264655905,8.067397117614746,32.73352813720703,1.0
train,1624,43.033654361952365,3.352533998569638,0.36219261733333225,0.007355396807026792,8.467076301574707,34.376399993896484,1.0
train,1625,43.05589539394944,3.358226621190227,0.3615918548561652,0.00734771598685924,8.01383113861084,32.55625534057617,1.0
train,1626,43.0540188560109,3.33679570499201,0.36105245694196403,0.007341267872796104,8.250345230102539,33.5377197265625,1.0
train,1627,43.06479061753419,3.3208858575133497,0.36172493237782605,0.007359462403476593,8.07822322845459,32.85823440551758,1.0
train,1628,43.07861660742036,3.3090725789522017,0.3618496979630739,0.00736652348639283,8.143916130065918,33.14580535888672,1.0
train,1629,43.05752945644185,3.281328778453594,0.3611780139408049,0.007357363640278161,8.351837158203125,34.01292037963867,1.0
train,1630,43.16984272247437,3.337561352280004,0.36213890449755626,0.007381463710164771,8.692822456359863,35.423316955566406,1.0
train,1631,43.157335231821484,3.312653397449503,0.36134541815469173,0.007369806473839061,7.703248023986816,31.41005516052246,1.0
train,1632,43.12090159840868,3.2819997352686636,0.36147706359461296,0.007377009454756318,8.281579971313477,33.78891372680664,1.0
train,1633,43.18044342420671,3.299157682461395,0.3613474448434695,0.0073788805918439705,8.427786827087402,34.4065055847168,1.0
train,1634,43.20011752924551,3.3008663095138555,0.36125344668296594,0.0073814763228015595,7.906332492828369,32.29743194580078,1.0
train,1635,43.28298729939466,3.3486050362557314,0.3614113776621869,0.00738922051024447,8.194366455078125,33.494537353515625,1.0
train,1636,43.28269260321351,3.3282275739014477,0.3617904703563881,0.007401493161979824,8.197196006774902,33.52659225463867,1.0
train,1637,43.29808558922219,3.311358605729238,0.36221459336739686,0.007414697081102356,8.143997192382812,33.32937240600586,1.0
train,1638,43.32859076713844,3.334054438133533,0.36130863766159016,0.007400667663062063,8.090813636779785,33.1319465637207,1.0
train,1639,43.319259601680955,3.3046349624203883,0.360973289062634,0.007398310448535375,8.21537971496582,33.66258239746094,1.0
train,1640,43.347488981177854,3.3205138065855975,0.3618249177845502,0.007420287322679667,8.170600891113281,33.49953079223633,1.0
test,1640,41.959279834362846,2.3653632778560567,0.36789677272620097,0.007544808620230293,8.206998825073242,33.64876174926758,1.0
train,1641,43.378637329894374,3.325296864682312,0.3608372873584735,0.0074045430623285785,8.1443452835083,33.4122428894043,1.0
train,1642,43.387838471821276,3.3032011443164992,0.3615684948951562,0.007424066923336261,8.079164505004883,33.165035247802734,1.0
train,1643,43.38195330957942,3.296467361980596,0.36029207388036555,0.00740236143821008,8.124382972717285,33.370967864990234,1.0
train,1644,43.42148747114397,3.286428334989523,0.36138127742562154,0.00742925642534567,8.152862548828125,33.508331298828125,1.0
train,1645,43.45970267007257,3.319446612573394,0.36111249689911035,0.007428244304885198,7.809670925140381,32.117332458496094,1.0
train,1646,43.47445957310855,3.3003078925491818,0.361268544956044,0.00743596968788892,8.153764724731445,33.55280685424805,1.0
train,1647,43.48038252918789,3.296248842498299,0.36078893994395217,0.007430607416265446,8.370244026184082,34.46454620361328,1.0
train,1648,43.481286241159395,3.2811570570576203,0.3601456888856968,0.007421860747815108,8.15141773223877,33.58390426635742,1.0
train,1649,43.55745593593359,3.316244773711209,0.3608565513702962,0.007441020415067422,8.187214851379395,33.75185775756836,1.0
train,1650,43.51162568004062,3.2569456131869168,0.3612009056138765,0.007452635710474514,8.074061393737793,33.30556869506836,1.0
train,1651,43.550132941292446,3.2819682741357084,0.360066683616038,0.0074337337623438336,7.835259914398193,32.3400993347168,1.0
train,1652,43.597447471744275,3.29002608722529,0.36111497652212254,0.007459889712520535,7.813047885894775,32.267948150634766,1.0
train,1653,43.59154584195821,3.2751626532199047,0.35926829455669135,0.007426231481109575,8.220841407775879,33.972694396972656,1.0
train,1654,43.63206877221653,3.288621134082782,0.3607405325104106,0.007461172083926879,8.4878568649292,35.097354888916016,1.0
train,1655,43.62090941483923,3.2451711376202748,0.3608864261865878,0.007468700222202727,8.108044624328613,33.54710006713867,1.0
train,1656,43.67726288232618,3.285876500576004,0.3602967630407987,0.007461000148275449,8.007181167602539,33.1497917175293,1.0
train,1657,43.718074004378806,3.2970175270278768,0.36092681968513096,0.007478558451249855,7.969615459442139,33.014198303222656,1.0
train,1658,43.689879187462836,3.258999866048713,0.3603925959687943,0.007471993563757805,8.08829402923584,33.526039123535156,1.0
train,1659,43.70903524600496,3.2594398026757743,0.3607460249486617,0.0074838300555531215,8.352095603942871,34.640377044677734,1.0
train,1660,43.761104582344444,3.2846942710387936,0.3601176013799975,0.007475294160625885,7.952093601226807,33.001251220703125,1.0
test,1660,42.498621512008846,2.4163084754085595,0.36814326343358444,0.007641890251609588,8.139569282531738,33.779273986816406,1.0
train,1661,43.79213717949508,3.2863899786481916,0.3603020712346155,0.00748362669754565,8.665353775024414,35.98295211791992,1.0
train,1662,43.77060227406317,3.2521123959387435,0.35991976542914256,0.00748018459113205,7.697216033935547,31.981992721557617,1.0
train,1663,43.79388092186178,3.2503252751740876,0.3603893835554182,0.007494449045062745,8.199127197265625,34.08793258666992,1.0
train,1664,43.808174020241694,3.241107749450438,0.3598631591182727,0.007488003825880289,8.364970207214355,34.798343658447266,1.0
train,1665,43.83118074419208,3.248328132503773,0.3599541660983005,0.007494396468973671,7.879532814025879,32.79861831665039,1.0
train,1666,43.88720734530301,3.263939933902477,0.3602340634035794,0.0075047265235765395,7.973097324371338,33.20801544189453,1.0
train,1667,43.851555999800524,3.231231521958185,0.3603025758131232,0.007510657168771735,8.11760139465332,33.830169677734375,1.0
train,1668,43.89975199191683,3.2569929305075553,0.3592801280742245,0.007493834372561288,8.145068168640137,33.96500015258789,1.0
train,1669,43.95429062380967,3.2652460761965303,0.36045787223651216,0.007522904933020647,8.161554336547852,34.05414581298828,1.0
train,1670,43.95061986192521,3.2492057613256953,0.36015689708878607,0.007521124968176625,8.256674766540527,34.4716796875,1.0
train,1671,43.98697118832434,3.272801454713656,0.3592766476689439,0.007507233305563937,8.26834774017334,34.54108810424805,1.0
train,1672,43.985251103222176,3.227980244172784,0.3598354673193699,0.007523407565521327,8.280632972717285,34.61310958862305,1.0
train,1673,43.98471545161147,3.241253246721923,0.35888095901774,0.007507936355243119,8.3175687789917,34.788299560546875,1.0
train,1674,44.032325751607864,3.238737051189491,0.36052758781804384,0.007546890646993238,8.199068069458008,34.31316375732422,1.0
train,1675,44.061562440092644,3.248183690450412,0.3595789390477426,0.007531526957298957,8.006758689880371,33.52836227416992,1.0
train,1676,44.04522669066713,3.2236801130711443,0.35986446767249386,0.0075420053263556995,7.786122798919678,32.6239128112793,1.0
train,1677,44.0786647929231,3.221323866831964,0.36013265917513165,0.007552127266463653,8.156891822814941,34.19783020019531,1.0
train,1678,44.07567673204061,3.215297504959637,0.35947579845508026,0.007542845630092601,8.530115127563477,35.78390121459961,1.0
train,1679,44.13231289609203,3.2314727146722353,0.35977854974706924,0.007553695013082804,8.12868595123291,34.12022018432617,1.0
train,1680,44.15462290808869,3.2257752570310356,0.35990523873254837,0.007560853264769504,8.18585205078125,34.380645751953125,1.0
test,1680,42.855570686916685,2.305997919334187,0.3676937055125497,0.007724472596037095,8.4485445022583,35.48394775390625,1.0
train,1681,44.19067420219703,3.2486652886522935,0.36006245646248186,0.007568656409745884,8.217727661132812,34.53506851196289,1.0
train,1682,44.16096678453621,3.2118338826720723,0.35853956594512526,0.00754112594021831,7.74730920791626,32.57749557495117,1.0
train,1683,44.18717161221161,3.20750655597529,0.3595849660740115,0.007567608096570379,7.8985466957092285,33.23319625854492,1.0
train,1684,44.202326671657566,3.2023312805600104,0.35991997200623566,0.007579156978910249,8.082850456237793,34.02885818481445,1.0
train,1685,44.302683741279544,3.2559159827066613,0.35931251322093394,0.007570856132867161,8.030734062194824,33.82952880859375,1.0
train,1686,44.2567485609728,3.207533226752953,0.3594120952440102,0.007577446567229229,8.018061637878418,33.79619216918945,1.0
train,1687,44.27636050305609,3.2003210342021986,0.35910762573309185,0.007575515865698141,8.61755084991455,36.34458541870117,1.0
train,1688,44.31388712051453,3.2191974850657044,0.35912992419491657,0.007580474935614639,8.07280445098877,34.06729507446289,1.0
train,1689,44.2950474389778,3.180064106790129,0.359388692013475,0.0075904288876786135,7.97381591796875,33.66950225830078,1.0
train,1690,44.34827027528486,3.200876720999345,0.35871718106931094,0.007580729831854878,7.947886943817139,33.57988739013672,1.0
train,1691,44.32386875396851,3.17012452154512,0.35905102989065574,0.007592272710498211,7.925323486328125,33.50436782836914,1.0
train,1692,44.39447502474012,3.202628299337667,0.3591779435985131,0.007599445625193826,8.316454887390137,35.17866897583008,1.0
train,1693,44.438729054143565,3.2076740229997798,0.3594058881606804,0.007608760574371187,8.151820182800293,34.50264358520508,1.0
train,1694,44.38730283556428,3.1837642263502506,0.3584855927942962,0.007593758190104424,8.340444564819336,35.32184600830078,1.0
train,1695,44.442867974156734,3.18809790110527,0.3585931852628929,0.007600519275298897,8.320666313171387,35.258888244628906,1.0
train,1696,44.46256816653249,3.1924161551594517,0.3586588649142587,0.007606394168037809,8.211729049682617,34.81779861450195,1.0
train,1697,44.49130126472973,3.2020032919678894,0.35865893470381716,0.007610878436486519,7.873172760009766,33.40199661254883,1.0
train,1698,44.47137804586199,3.169515303365049,0.35901881782205125,0.007623002579010431,8.081587791442871,34.30640411376953,1.0
train,1699,44.51441229894577,3.1684668352871728,0.35903885091480825,0.007627915476052759,8.107453346252441,34.43647003173828,1.0
train,1700,44.53189801419562,3.1898979468961537,0.3584097950527444,0.007619030622006859,7.98360013961792,33.93036651611328,1.0
test,1700,43.31300498372091,2.354488369313895,0.36460501065698164,0.0077507277409197845,7.979660987854004,33.91362380981445,1.0
train,1701,44.582708937320085,3.1919516526078113,0.3580336314263119,0.007615509155507399,8.513209342956543,36.202484130859375,1.0
train,1702,44.58310064936225,3.1723947033008026,0.3581803981698654,0.007623107746248479,8.362476348876953,35.58240509033203,1.0
train,1703,44.59195681312692,3.166239068833542,0.35843095594476615,0.0076329202743361906,8.428349494934082,35.88376235961914,1.0
train,1704,44.58254691248537,3.1457681666352224,0.3585999911406343,0.007641001993225788,7.859518527984619,33.48160934448242,1.0
train,1705,44.64088674155165,3.1802551012705673,0.3578978837561442,0.007630514856525629,8.4051513671875,35.827022552490234,1.0
train,1706,44.67382743966654,3.1730807737426536,0.3581950449045002,0.007641327432104252,8.06678581237793,34.404903411865234,1.0
train,1707,44.65678546317889,3.1529228135076495,0.35752362817624006,0.0076314727864506635,8.277979850769043,35.32634735107422,1.0
train,1708,44.655498124983474,3.1335891796213953,0.3582084451976208,0.007650567614390683,8.178033828735352,34.92026901245117,1.0
train,1709,44.727840789281274,3.164395424109695,0.3586462441705061,0.007664400695495033,8.491487503051758,36.279945373535156,1.0
train,1710,44.731786537379776,3.1605323766379665,0.35727223711401124,0.0076395031212763,8.087621688842773,34.57464599609375,1.0
train,1711,44.783096929020466,3.173450312246301,0.35820121569725955,0.007663844410032039,7.928746223449707,33.91527557373047,1.0
train,1712,44.75905986552792,3.1388551423805255,0.35783017532231387,0.00766037829707555,8.271868705749512,35.40366744995117,1.0
train,1713,44.77937185271424,3.14266544569555,0.3577734447860299,0.007663635538540077,8.115727424621582,34.75566864013672,1.0
train,1714,44.818899663428965,3.1549396591661094,0.35819859928671277,0.007677219535211717,8.32392406463623,35.668087005615234,1.0
train,1715,44.83039620905798,3.158194180770187,0.3575469616172168,0.007667721967986291,8.300567626953125,35.58875274658203,1.0
train,1716,44.86668116977439,3.1425263634802785,0.3580031745651027,0.007681980209357663,8.00910758972168,34.359134674072266,1.0
train,1717,44.90666155042205,3.1745600723060026,0.35846117203199857,0.007696288169166616,8.345895767211914,35.82482147216797,1.0
train,1718,44.91826292415525,3.1514755008947355,0.3580584220732693,0.007692116267782791,8.210003852844238,35.262027740478516,1.0
train,1719,44.93463082283877,3.1571294824325946,0.35730533202053033,0.007680403615279172,8.245759963989258,35.43621826171875,1.0
train,1720,44.9129055901146,3.124098424984778,0.35686708639447084,0.007675443764109321,7.977685451507568,34.30411148071289,1.0
test,1720,43.699210708224626,2.2859791249271195,0.368116463562983,0.007917393680843104,7.98208475112915,34.323028564453125,1.0
train,1721,44.958610495585816,3.1352659491362087,0.3581677299692131,0.007707894459933293,7.98192834854126,34.34231185913086,1.0
train,1722,44.94373964853353,3.116098553978215,0.35712385125270135,0.007689893427637102,8.152478218078613,35.09648513793945,1.0
train,1723,44.996968968290574,3.13571832505417,0.3571171640172094,0.007694212950568818,8.076868057250977,34.791175842285156,1.0
train,1724,45.0449152366172,3.1544621478407713,0.35803663586680373,0.0077184983003379965,7.908198833465576,34.08440017700195,1.0
train,1725,45.0264353272333,3.130147716914434,0.357220253663494,0.007705363665983764,8.513846397399902,36.71603012084961,1.0
train,1726,45.069330484143904,3.1271476368741853,0.35733470365410536,0.0077122986287507305,8.125243186950684,35.060489654541016,1.0
train,1727,45.08471814520927,3.128321525163368,0.3577482193501232,0.007725694878445764,8.046168327331543,34.7393913269043,1.0
train,1728,45.117066660775315,3.127281320169214,0.35730664266843826,0.007720624765716789,8.21323013305664,35.48122024536133,1.0
train,1729,45.12659914398473,3.13025654396032,0.35716576616361906,0.007722044854360733,8.096983909606934,34.99927520751953,1.0
train,1730,45.13732846368593,3.1210375833633486,0.3568655412536465,0.007720014263289682,8.021618843078613,34.69356918334961,1.0
train,1731,45.17208186462604,3.1248960973053594,0.35749481974440184,0.007738095581000717,8.283744812011719,35.84797286987305,1.0
train,1732,45.16694894728537,3.103347839735124,0.35784918669593496,0.007750238640344754,8.453425407409668,36.60340118408203,1.0
train,1733,45.19348010814456,3.1060059900210533,0.3569892948902966,0.007736077165449899,8.132883071899414,35.23577880859375,1.0
train,1734,45.2255900788124,3.1338815643723703,0.35722829062904665,0.007745721189970939,8.235675811767578,35.701717376708984,1.0
train,1735,45.21727609616952,3.099504193760648,0.35657433524831417,0.007735998318460727,7.875302791595459,34.15918731689453,1.0
train,1736,45.23771250138909,3.0927296264067787,0.357479722867115,0.007760109052446444,8.112597465515137,35.208740234375,1.0
train,1737,45.293918326273534,3.1225408783684796,0.3570129933306641,0.007754439583163583,8.814433097839355,38.2767448425293,1.0
train,1738,45.29017736167643,3.1015173768630797,0.3567044669527123,0.007752196648762748,8.432777404785156,36.64048385620117,1.0
train,1739,45.29964869248313,3.087134474675122,0.35674086150955553,0.0077574464202313535,8.396391868591309,36.50337600708008,1.0
train,1740,45.358217400593766,3.1063124108480262,0.3562582995138716,0.007751405735620404,8.212737083435059,35.72547149658203,1.0
test,1740,44.17753993987339,2.3284917803161296,0.36455136904970303,0.007931844891293857,8.605597496032715,37.434417724609375,1.0
train,1741,45.34751562962286,3.0795014064215147,0.35724817227846184,0.007777408369597889,8.498559951782227,36.990047454833984,1.0
train,1742,45.382681503602974,3.105230555445381,0.3571328582931167,0.007779361661116614,8.624114990234375,37.55808639526367,1.0
train,1743,45.376574304485075,3.0848980626909888,0.3561059670530306,0.007761443950962718,7.937816619873047,34.5890998840332,1.0
train,1744,45.425623972251046,3.1000946860063916,0.3569784698318833,0.007784922213969143,7.69945764541626,33.56969451904297,1.0
train,1745,45.43861946359991,3.0815115132002093,0.3576570679057094,0.007804191224892974,8.396605491638184,36.6302604675293,1.0
train,1746,45.45281381533777,3.0911916822816616,0.3563944938372135,0.007781095941952758,7.964224338531494,34.76390075683594,1.0
train,1747,45.46781473337754,3.069443089596483,0.35668658058677366,0.007791931155049182,8.095283508300781,35.3562126159668,1.0
train,1748,45.511118118727204,3.0908636322747296,0.357134571626777,0.0078061813967223405,7.8896331787109375,34.47776412963867,1.0
train,1749,45.53874741410145,3.0954441275737943,0.3572117944711126,0.007812334020283749,7.958811283111572,34.79996871948242,1.0
train,1750,45.50600328804851,3.062431187495355,0.3555746856644788,0.007780974176142228,8.083824157714844,35.366790771484375,1.0
train,1751,45.573972688766354,3.0849784742202506,0.35623346350370116,0.0077998425610790525,8.45770263671875,37.023658752441406,1.0
train,1752,45.62534863234352,3.11897835031866,0.3560002547151389,0.007799185940250868,8.303648948669434,36.37004470825195,1.0
train,1753,45.59578723537586,3.0873820210305754,0.35623497584343305,0.007808780658036845,8.156294822692871,35.745025634765625,1.0
train,1754,45.6111118820531,3.071309803956775,0.3561556697807773,0.007811493745335356,8.01273250579834,35.135894775390625,1.0
train,1755,45.63564309749331,3.080975568473361,0.3554788848396801,0.007801092993215262,8.095684051513672,35.51987838745117,1.0
train,1756,45.64312611680043,3.0604475951657117,0.3560668011528208,0.007818445386687415,8.171159744262695,35.87145233154297,1.0
train,1757,45.67410403104043,3.0557573739312485,0.3565853131458605,0.007834287642603424,8.316507339477539,36.53032302856445,1.0
train,1758,45.68227723976914,3.056177652235481,0.3561063341461081,0.007828215212532902,7.6744256019592285,33.72916030883789,1.0
train,1759,45.70253983409336,3.046501994351088,0.356023454858059,0.007830843141668783,8.254888534545898,36.300933837890625,1.0
train,1760,45.73982769728492,3.0627118531836723,0.35481934908585283,0.007808793270811632,8.22618293762207,36.19527053833008,1.0
test,1760,44.44325814841106,2.1579488248739596,0.3660154424639099,0.008055194654657236,8.12840461730957,35.765045166015625,1.0
train,1761,45.77859642232594,3.0769262275458518,0.3555501678946949,0.007829320917653839,8.023965835571289,35.32556915283203,1.0
train,1762,45.782393158550796,3.0641977398813403,0.35601551141051463,0.00784401766976681,8.108513832092285,35.71806716918945,1.0
train,1763,45.78686707821513,3.0487950559156176,0.3561903670555587,0.007852322163136033,7.84109354019165,34.5596809387207,1.0
train,1764,45.81102461663088,3.048935165433189,0.35537473997527147,0.007838783162552845,7.791565895080566,34.36086654663086,1.0
train,1765,45.82502990845486,3.0238088586153324,0.3559565175988497,0.007856064905633658,8.265724182128906,36.47257614135742,1.0
train,1766,45.85325647543256,3.0343730771580852,0.35649405492342223,0.007872384242357536,8.374720573425293,36.97445297241211,1.0
train,1767,45.87928118742389,3.0379152043241744,0.3552877389158995,0.007850186068900759,8.15488338470459,36.02425765991211,1.0
train,1768,45.90007751275016,3.0420027620138983,0.35575954075745947,0.007865057217562355,8.15626335144043,36.05074691772461,1.0
train,1769,45.91130365733912,3.047269651578365,0.35556888545427484,0.007865286416764235,8.143537521362305,36.01485824584961,1.0
train,1770,45.94467106975132,3.0454517843258326,0.3554384627274179,0.00786684396487261,8.304865837097168,36.74909591674805,1.0
train,1771,45.983238742240744,3.0582045531735242,0.3555392067466426,0.007873517506502333,8.538714408874512,37.80522537231445,1.0
train,1772,45.98055092441351,3.0295863285895193,0.35550120772785027,0.007877119328074045,8.133055686950684,36.02949905395508,1.0
train,1773,45.991743907795865,3.0406361596295564,0.355852112419388,0.007889342305374733,8.006736755371094,35.489925384521484,1.0
train,1774,45.991490754547286,3.010863548750586,0.3547560346026234,0.007869475956152469,8.0274019241333,35.60158920288086,1.0
train,1775,46.03286198665927,3.020428710222855,0.35602355535502317,0.007902042942729684,8.429739952087402,37.407039642333984,1.0
train,1776,46.074832863219704,3.044121796335443,0.35636071220143917,0.007913980297212877,8.095804214477539,35.945430755615234,1.0
train,1777,46.07088917670475,3.0206177338461626,0.35540429027011616,0.007897182398747895,8.432116508483887,37.45974349975586,1.0
train,1778,46.090876839250775,3.0079490195426843,0.35492190135253726,0.00789089966264791,8.223750114440918,36.55463790893555,1.0
train,1779,46.07192931749251,2.9822635113255167,0.35478943658319967,0.007892389027375135,8.413601875305176,37.41956329345703,1.0
train,1780,46.130450222547175,2.9979061680838077,0.3551720362027137,0.007905339268091857,8.14200210571289,36.23197555541992,1.0
test,1780,44.94170998419271,2.162675315029381,0.3641686907890882,0.008105584781628098,8.1285400390625,36.17206954956055,1.0
train,1781,46.16858321216749,3.0297910799877226,0.3554182216617767,0.007915261092145949,8.157632827758789,36.32192611694336,1.0
train,1782,46.19879429548859,3.0374825090616997,0.35511854878721155,0.007913025833155587,8.146407127380371,36.29230880737305,1.0
train,1783,46.19815567915491,3.007968147464868,0.35540518636804685,0.007923855033732408,8.191537857055664,36.51384353637695,1.0
train,1784,46.21219585040442,2.9927891809077565,0.3551499973580465,0.007922604456563908,7.75412130355835,34.58344268798828,1.0
train,1785,46.26266817692388,3.025596828021019,0.35526271447392116,0.007929559263912435,8.043680191040039,35.894981384277344,1.0
train,1786,46.22887044628156,2.9967032975867864,0.3551824627627482,0.007932207360957864,8.26603889465332,36.90792465209961,1.0
train,1787,46.30151939043142,3.013747817205938,0.3547864509858886,0.007927797709172258,8.06734561920166,36.040931701660156,1.0
train,1788,46.29169912439452,2.9915655689539595,0.35515917957025356,0.007940565474424531,8.116040229797363,36.27876663208008,1.0
train,1789,46.29753561958567,2.9875239607095283,0.35384978438487996,0.007915713004570397,8.081703186035156,36.14548110961914,1.0
train,1790,46.314370360166826,2.9812540723603154,0.3556565753365889,0.007960576657322227,8.432090759277344,37.733673095703125,1.0
train,1791,46.33867959316685,2.9786541321493094,0.35387105065913504,0.007925034628323314,7.857781887054443,35.18328094482422,1.0
train,1792,46.395103193576894,3.00467005484365,0.3554203013906189,0.007964172812688656,7.963858127593994,35.67814254760742,1.0
train,1793,46.40253971210121,3.006201600662047,0.3554291904866804,0.007968814418014414,8.50986385345459,38.14553451538086,1.0
train,1794,46.41715912970701,2.997160497359029,0.35410133945257116,0.007943469478364712,8.225188255310059,36.89003372192383,1.0
train,1795,46.427888018108746,2.9896289812877335,0.35427250602155475,0.007951737179983464,8.090639114379883,36.30680465698242,1.0
train,1796,46.46799091711787,3.0018141321153635,0.3545772867939039,0.00796300983538223,7.816768646240234,35.09735107421875,1.0
train,1797,46.50003533724503,3.01177381675321,0.3540667482579186,0.007955969677792803,7.954516887664795,35.7357292175293,1.0
train,1798,46.473591456603444,2.9678551191992257,0.35417734307332044,0.007962881545425054,8.262438774108887,37.13972091674805,1.0
train,1799,46.52946039472706,2.996451803933907,0.35519787299515254,0.007990265396491546,8.503153800964355,38.24300003051758,1.0
train,1800,46.546676381708195,2.9780983532299454,0.3544203600864292,0.007977204859735328,8.0145902633667,36.06571578979492,1.0
test,1800,45.40327298011033,2.1419049743239267,0.36232746264518934,0.008155175947352261,8.047159194946289,36.212276458740234,1.0
train,1801,46.56515704063195,2.9588760448557703,0.3529054786188019,0.007947519163733225,8.477604866027832,38.17048263549805,1.0
train,1802,46.55239498279403,2.958920816253316,0.35404351042863696,0.007977573024502095,8.134718894958496,36.64697265625,1.0
train,1803,46.595554545821614,2.977867732238211,0.35447169658773947,0.007991651688225871,8.028349876403809,36.18784713745117,1.0
train,1804,46.62451599824573,2.982832025443509,0.354557366062336,0.00799801465150583,8.355159759521484,37.68183517456055,1.0
train,1805,46.59497333837873,2.9412412563174626,0.3541450214351092,0.00799313945663939,8.22187328338623,37.10126876831055,1.0
train,1806,46.6519318911081,2.976397601231262,0.3538856010841791,0.007991707403741739,8.203801155090332,37.04022216796875,1.0
train,1807,46.72347418641678,2.999175958392649,0.3550525955607766,0.008022499053134428,8.131783485412598,36.73539352416992,1.0
train,1808,46.71205702501472,2.9800698719659744,0.3537326970468543,0.00799709684433405,8.14442253112793,36.81284713745117,1.0
train,1809,46.70717825751753,2.958322340082084,0.3540595669123527,0.00800891193527902,8.016738891601562,36.25576400756836,1.0
train,1810,46.71451836037104,2.944109623919814,0.3537240424437092,0.008005743400067331,8.68872356414795,39.31654357910156,1.0
train,1811,46.71000657847544,2.921726733478835,0.3533478515993489,0.008001645577897197,8.250988960266113,37.356414794921875,1.0
train,1812,46.76142005068978,2.940382735876648,0.3532458723049394,0.008003751364529157,8.137839317321777,36.86447525024414,1.0
train,1813,46.81785946401798,2.9737095865974745,0.3536282646494648,0.00801683542021023,8.126303672790527,36.8325309753418,1.0
train,1814,46.847817942636425,2.971663493530854,0.3544263466347542,0.008039358011668404,8.427266120910645,38.21772003173828,1.0
train,1815,46.817119623512916,2.929751957636197,0.3535906431921838,0.00802482141508285,8.181477546691895,37.123512268066406,1.0
train,1816,46.80198605785517,2.9107381162563173,0.35314482749271775,0.008019117393601212,8.40579891204834,38.162391662597656,1.0
train,1817,46.89648410979968,2.95972751655118,0.35331599266591024,0.008027420174402803,7.962581157684326,36.17008590698242,1.0
train,1818,46.893429651131264,2.940552120718204,0.354681489583646,0.008062877651999112,8.45008659362793,38.40570831298828,1.0
train,1819,46.880813954559564,2.9238251742974684,0.35401409901501363,0.008052130777786387,8.216572761535645,37.364925384521484,1.0
train,1820,46.91557285212528,2.915286871264193,0.35358416672115833,0.008046771230594274,8.249368667602539,37.534690856933594,1.0
test,1820,45.614884106664135,1.999465085523796,0.3627175623654927,0.008254626536984234,8.149405479431152,37.07985305786133,1.0
train,1821,46.98505370345606,2.950900661609481,0.3537905777150617,0.00805589061521372,7.920835971832275,36.059669494628906,1.0
train,1822,46.98539199857017,2.9402958702090194,0.35356722739952806,0.008055224026937844,8.074804306030273,36.780799865722656,1.0
train,1823,46.953343730246765,2.8924900338277246,0.35373186724900413,0.00806339617711668,7.887444972991943,35.94709014892578,1.0
train,1824,46.986666290305536,2.902511088611702,0.3524986599288142,0.008039690736031616,8.193297386169434,37.36149978637695,1.0
train,1825,47.01251377031736,2.9082547804395924,0.35398679315236914,0.008078056054348066,7.844704627990723,35.79152297973633,1.0
train,1826,47.010439307795224,2.8890795576847212,0.3531340212774853,0.008063009347467811,8.194426536560059,37.40761947631836,1.0
train,1827,47.04321215085568,2.893429674859715,0.35336069915916646,0.008072601586542352,8.049345970153809,36.76544189453125,1.0
train,1828,47.09120254153696,2.927849812512864,0.3531646288841407,0.008072536435114455,8.261148452758789,37.753509521484375,1.0
train,1829,47.09827427562235,2.910542309087927,0.3528433673075604,0.008069603230593669,7.887644290924072,36.066314697265625,1.0
train,1830,47.12628201185632,2.9041014977352897,0.3536077011560635,0.008091503363340118,8.02495288848877,36.71422576904297,1.0
train,1831,47.17871779502202,2.931138491918436,0.35219969332458073,0.008063686380851491,8.273245811462402,37.870845794677734,1.0
train,1832,47.18423388635026,2.9267145178495113,0.3537412769751718,0.008103402587976913,7.971421241760254,36.5091667175293,1.0
train,1833,47.19989710311248,2.9166749855820355,0.35350644139200177,0.00810244143117432,8.384440422058105,38.4217643737793,1.0
train,1834,47.25084110934177,2.9326095385643924,0.35341601157162245,0.008104786019188634,8.3025484085083,38.0672492980957,1.0
train,1835,47.2139922140982,2.89085228505084,0.3527028746453127,0.008092840203704597,7.860415935516357,36.05971908569336,1.0
train,1836,47.243619930687466,2.8956086221214097,0.3532622142279493,0.008110089701892063,8.225299835205078,37.75419235229492,1.0
train,1837,47.30956913166067,2.9163013769513384,0.3531520123277616,0.008111973677891196,8.07346248626709,37.07744216918945,1.0
train,1838,47.294955877868674,2.9037338910066204,0.35291914899751375,0.008111035807963032,8.247700691223145,37.898250579833984,1.0
train,1839,47.33663090951182,2.9170181547989134,0.35315178551169657,0.008120796379638298,8.577815055847168,39.43657302856445,1.0
train,1840,47.319707650646286,2.86786528502547,0.35279100071236713,0.00811690950708993,8.13105297088623,37.40290451049805,1.0
test,1840,46.130046476060954,2.076918073604982,0.36006218418465336,0.00828420271506525,7.823866367340088,35.989845275878906,1.0
train,1841,47.36141166310148,2.90478144344549,0.3525720010779081,0.00811627753849866,7.944541931152344,36.564815521240234,1.0
train,1842,47.36460510907136,2.884716833723887,0.35348452816853976,0.008141702208236205,8.021357536315918,36.93841552734375,1.0
train,1843,47.40601444767807,2.899079424358749,0.35181487718868987,0.008107642888483008,7.9999589920043945,36.8598747253418,1.0
train,1844,47.41501386288623,2.900704689179416,0.3516529668088453,0.00810830685452348,8.2700834274292,38.12514877319336,1.0
train,1845,47.4083955487706,2.854066085955009,0.3526127037441953,0.008134843394089935,8.102690696716309,37.37372589111328,1.0
train,1846,47.48191271550569,2.9055847268465715,0.3529861993158077,0.008147871895550501,7.965429782867432,36.76052474975586,1.0
train,1847,47.469939565815594,2.880454087492925,0.3530500693239225,0.008153758871861748,8.19017505645752,37.818199157714844,1.0
train,1848,47.51700952992612,2.909817122994349,0.35330075969898433,0.008163964431888623,8.112980842590332,37.48203659057617,1.0
train,1849,47.46875401848278,2.847744279757464,0.3515190273861374,0.008127186262383916,8.49842643737793,39.28403854370117,1.0
train,1850,47.566290262545415,2.917013649185019,0.35173248852123673,0.008136517740559108,7.896376132965088,36.52079391479492,1.0
train,1851,47.5802822441048,2.9148334568776013,0.35223790589942194,0.008152611936352094,8.41089153289795,38.92146301269531,1.0
train,1852,47.573356282261756,2.8719905402430936,0.3515227122748243,0.008140452241206015,8.0328950881958,37.19236373901367,1.0
train,1853,47.59714747295247,2.8783193365628144,0.35233534957042684,0.008163674791167275,8.327646255493164,38.5778923034668,1.0
train,1854,47.613736437041375,2.8739599066691395,0.35255963925341743,0.008173278179126513,8.291369438171387,38.43056106567383,1.0
train,1855,47.625254646745134,2.8603532486157324,0.35209405426572543,0.008166885405740837,8.065470695495605,37.403682708740234,1.0
train,1856,47.66529940128152,2.8671030658005883,0.3522056617276205,0.008173876291562864,8.068717956542969,37.43891525268555,1.0
train,1857,47.66819399300836,2.854917931722452,0.35236703333207375,0.008182025499577961,8.360257148742676,38.812557220458984,1.0
train,1858,47.66181021089132,2.83326526338959,0.3516180385306254,0.008169028492364594,8.207504272460938,38.123924255371094,1.0
train,1859,47.73425242720268,2.8817954818887497,0.3521414302095929,0.008185589610149062,8.288464546203613,38.52070236206055,1.0
train,1860,47.693900258036,2.8255715284686014,0.3520305443717323,0.00818741199107083,8.327165603637695,38.72138595581055,1.0
test,1860,46.53933210775886,2.0410105005923325,0.35884151455251395,0.00834581932197014,8.332561492919922,38.74647521972656,1.0
train,1861,47.75600394546615,2.8576257386750195,0.35118962764914463,0.008172243654593401,7.957141399383545,37.020660400390625,1.0
train,1862,47.746688484055106,2.8413644030641123,0.35159079687437467,0.008185973377640089,7.960855960845947,37.05784606933594,1.0
train,1863,47.799447556184056,2.858124577689424,0.3522482954709904,0.008205684365517323,7.795872688293457,36.3093376159668,1.0
train,1864,47.79722417809786,2.8309956790325277,0.35196290433166927,0.00820343522640412,8.216485977172852,38.28888702392578,1.0
train,1865,47.8248565093179,2.86218040904587,0.3510177492266647,0.008185793146211004,7.906039714813232,36.86196517944336,1.0
train,1866,47.86758895466453,2.87233541511678,0.35199857098341775,0.008213065617231235,8.163666725158691,38.08356857299805,1.0
train,1867,47.88095923967079,2.845451318689898,0.3510986262522815,0.008196455800006127,7.8609209060668945,36.69091033935547,1.0
train,1868,47.9120618148117,2.868281258709737,0.35187278996009425,0.008218926750503244,8.110605239868164,37.8765869140625,1.0
train,1869,47.919312913645506,2.8380090718386244,0.3515297149591205,0.008215307001585471,7.894107818603516,36.88528060913086,1.0
train,1870,47.958584589701715,2.8555526314661086,0.3521388961507251,0.008233944961814954,8.055865287780762,37.66123580932617,1.0
train,1871,47.90785433353629,2.816988406580881,0.3510415160607995,0.008212672873686868,8.199381828308105,38.3526725769043,1.0
train,1872,47.978040169675054,2.8324614440046996,0.35158126501647974,0.008229694713875652,8.020332336425781,37.53521728515625,1.0
train,1873,48.01995879898043,2.8673647040636863,0.35070560077062857,0.008213580844562245,8.296571731567383,38.8487548828125,1.0
train,1874,48.028457629039444,2.830475975731725,0.3522941660540818,0.008255188532393428,8.247111320495605,38.63778305053711,1.0
train,1875,48.053750298810975,2.8496108880376276,0.35158188614355,0.008242892255305242,7.9561614990234375,37.2945671081543,1.0
train,1876,48.072602316350064,2.8462287408721956,0.3520435273232933,0.008258115608932888,8.351951599121094,39.17071533203125,1.0
train,1877,48.04117280783515,2.7983006806413724,0.35107591812574857,0.008239805776333733,7.787591457366943,36.5433349609375,1.0
train,1878,48.1535350382219,2.879891332409297,0.3516731269185987,0.008258217833017851,8.350214004516602,39.204322814941406,1.0
train,1879,48.09193014793242,2.814607890324849,0.35044443568073697,0.008233745021039811,8.272880554199219,38.86192321777344,1.0
train,1880,48.14984603613844,2.8313091904786405,0.35152761359551515,0.008263588105738613,8.551379203796387,40.19154357910156,1.0
test,1880,46.981765295614466,2.0156207352424205,0.36111259565114406,0.008488908509158618,8.253885269165039,38.79331970214844,1.0
train,1881,48.16510217180193,2.824052343776799,0.3507483168656775,0.008249652586492868,8.025035858154297,37.73779296875,1.0
train,1882,48.1489939209833,2.806566167915866,0.3502690461455707,0.00824275799310495,7.993027687072754,37.60725402832031,1.0
train,1883,48.167319871809646,2.808774175549705,0.3508683625830864,0.0082612469115168,8.35515308380127,39.331947326660156,1.0
train,1884,48.245733405572786,2.835886665285615,0.3505786584490522,0.008258807580319024,8.02575969696045,37.8013916015625,1.0
train,1885,48.209554202557484,2.7981327139236445,0.3508657022051178,0.00826995503791932,8.220511436462402,38.739219665527344,1.0
train,1886,48.305050841190855,2.8459160445681255,0.3511722500490872,0.008281569628828232,8.077666282653809,38.08626174926758,1.0
train,1887,48.31295288538174,2.8364078425418926,0.3504190950920588,0.00826818804539431,8.317700386047363,39.23881912231445,1.0
train,1888,48.289778839569145,2.796776217067368,0.3506053801730924,0.008276965597189505,8.383810043334961,39.57164001464844,1.0
train,1889,48.296737432218144,2.787086673852423,0.3507864903583659,0.008285625573890142,8.2809476852417,39.106842041015625,1.0
train,1890,48.34105670648401,2.8122808049547774,0.35037305282665354,0.008280239347220653,7.970920085906982,37.662654876708984,1.0
train,1891,48.35158445579509,2.8054490352872086,0.35045111384358635,0.00828646433579586,8.616939544677734,40.73664855957031,1.0
train,1892,48.41028532578838,2.829849684234072,0.3503791454551074,0.008289141934788842,8.097813606262207,38.30271911621094,1.0
train,1893,48.42543594801422,2.8219668531086346,0.350851945985249,0.00830471248791862,8.263381958007812,39.10651779174805,1.0
train,1894,48.41131095732693,2.795191832178467,0.3507467256637445,0.00830660580447278,7.8055243492126465,36.9592170715332,1.0
train,1895,48.4449058250765,2.79853816892566,0.3501243039971082,0.008296241337026378,8.134638786315918,38.53792190551758,1.0
train,1896,48.48950588227714,2.806998863178341,0.34997194990150404,0.008297005498643395,8.4060640335083,39.84480285644531,1.0
train,1897,48.47660055485044,2.786297778266714,0.3508828083237928,0.008322985389601939,7.695895671844482,36.497840881347656,1.0
train,1898,48.5344386067619,2.8149267392763933,0.3508712686203008,0.00832709711861804,7.97875452041626,37.859249114990234,1.0
train,1899,48.495260194680036,2.7733931585061344,0.3504657898898357,0.008321854427240122,7.925267696380615,37.62527084350586,1.0
train,1900,48.56023469234708,2.8126051868225166,0.35059174887653327,0.008329227297902848,7.8657073974609375,37.3621711730957,1.0
test,1900,47.34252986625363,1.9749011759655948,0.35572470523156696,0.008451174150127107,8.087385177612305,38.41514205932617,1.0
train,1901,48.57385600760355,2.800486095999345,0.3494522158932956,0.008306522416495354,8.322041511535645,39.550567626953125,1.0
train,1902,48.56792370949392,2.7907911650304866,0.35075534048684126,0.008341881852657513,8.391519546508789,39.901737213134766,1.0
train,1903,48.57960512766331,2.7682391102829564,0.3497305317671797,0.008321880408227018,8.18065357208252,38.91952133178711,1.0
train,1904,48.631015280686235,2.7862428120104683,0.35021334151579614,0.0083377461537383,7.847350597381592,37.353450775146484,1.0
train,1905,48.670611785263354,2.7940149345635232,0.35002398290260783,0.008337612838088088,7.820458889007568,37.2449951171875,1.0
train,1906,48.667722201635236,2.773142720071379,0.3501039617366072,0.008343893805303197,7.997015476226807,38.1058349609375,1.0
train,1907,48.67487515820456,2.7739173841703257,0.3491915309555662,0.008326512649150951,7.947796821594238,37.89118194580078,1.0
train,1908,48.67354243306768,2.750075110314401,0.3496081809006547,0.008340817380778173,8.25119400024414,39.35825729370117,1.0
train,1909,48.753289713686826,2.787172124187806,0.3499542987263774,0.00835344891790011,7.932212829589844,37.85654830932617,1.0
train,1910,48.73013970758554,2.753415221832979,0.35024430016393066,0.008364748901148841,8.12913990020752,38.816707611083984,1.0
train,1911,48.770530115847095,2.7672804083267586,0.3495598739640773,0.008352772076907607,8.17412281036377,39.051937103271484,1.0
train,1912,48.792099441489235,2.780995586351994,0.3504934384192122,0.008379460433285543,8.168843269348145,39.0471305847168,1.0
train,1913,48.75632691339743,2.744656090678813,0.349342158457494,0.00835630242126299,8.395349502563477,40.15081787109375,1.0
train,1914,48.77726376837442,2.724958976022586,0.34970899889681134,0.008369448209815318,8.27027416229248,39.57331848144531,1.0
train,1915,48.873349873347024,2.7752567686268668,0.3500535869354125,0.008382070332362065,8.075968742370605,38.66376495361328,1.0
train,1916,48.84713474333701,2.7422706221557127,0.3497663728928243,0.008379564604048994,8.255859375,39.54562759399414,1.0
train,1917,48.87803108195791,2.76031683968224,0.3493939632467416,0.008375009548648083,8.12372875213623,38.93302917480469,1.0
train,1918,48.89918793874741,2.7624662575859573,0.34944826580428656,0.008380678853098547,8.449166297912598,40.513816833496094,1.0
train,1919,48.914956928564436,2.7591363130102566,0.3492329615269482,0.008379880271676477,8.482842445373535,40.696502685546875,1.0
train,1920,48.94787929854548,2.756009408592785,0.3497482973971822,0.008396617224592591,8.157177925109863,39.15451431274414,1.0
test,1920,47.796210533045794,1.9487226984063473,0.358808289634826,0.00861412589423705,8.542681694030762,41.00493621826172,1.0
train,1921,48.988270537302775,2.7706349830334327,0.350074035973938,0.008408812913905044,8.416661262512207,40.421077728271484,1.0
train,1922,48.97138788898132,2.7504842222892796,0.34938714061950615,0.008396680522184494,8.243356704711914,39.60939025878906,1.0
train,1923,49.02807749508503,2.7695296364654083,0.3497390363227741,0.00840950879076335,8.337116241455078,40.080745697021484,1.0
train,1924,49.01788075764974,2.740051082495233,0.34902667336266774,0.008396742351956348,8.113239288330078,39.02474594116211,1.0
train,1925,49.07764012308466,2.779499610875755,0.35031832455280193,0.008432194914328868,8.119950294494629,39.077327728271484,1.0
train,1926,49.065182319805814,2.747395252684207,0.34850744253717586,0.008392962721839972,8.301280975341797,39.97072982788086,1.0
train,1927,49.05207467384492,2.729191944444742,0.3487108944538003,0.008402220821733438,7.86609411239624,37.89496994018555,1.0
train,1928,49.08644388745305,2.721677990217938,0.3494097977996614,0.00842342814733714,8.121536254882812,39.145870208740234,1.0
train,1929,49.12863773048644,2.7451895564805446,0.3488316248067778,0.008413849749146184,8.123896598815918,39.17755126953125,1.0
train,1930,49.12071785506337,2.7121712509808504,0.3489529797763036,0.008421138317837378,8.438894271850586,40.71772384643555,1.0
train,1931,49.14111860479752,2.7213921517275472,0.34906416221978764,0.008428184303580766,8.277939796447754,39.96181869506836,1.0
train,1932,49.167840594038005,2.7178100351444585,0.3498027702412499,0.008450390155338466,8.4833402633667,40.9745979309082,1.0
train,1933,49.14917382311132,2.683699891543676,0.3483705698593257,0.008420145849535128,8.140365600585938,39.33837890625,1.0
train,1934,49.228614917396406,2.7378445851074398,0.34922514230481794,0.0084451658148605,8.069697380065918,39.01704788208008,1.0
train,1935,49.236163170399614,2.706332198700275,0.348788871723263,0.008438975090440176,7.9158525466918945,38.29299545288086,1.0
train,1936,49.276475057033146,2.736984191514876,0.34950506473433784,0.008460671814961662,8.422545433044434,40.76518249511719,1.0
train,1937,49.26500497839628,2.7131094710974306,0.34856935983344484,0.00844237734500312,8.059678077697754,39.029048919677734,1.0
train,1938,49.31477309058448,2.722789989126675,0.3487061494617204,0.008450048791557722,7.965767860412598,38.59420394897461,1.0
train,1939,49.31642546166965,2.7079772809639633,0.3487542700601767,0.008455573870122076,8.16910457611084,39.599796295166016,1.0
train,1940,49.372627127096415,2.74515846662804,0.348614370609176,0.008456539241129882,8.451794624328613,40.991268157958984,1.0
test,1940,48.158456792250526,1.8970127806969659,0.3558796543688623,0.008632777406826756,7.840366363525391,38.02583694458008,1.0
train,1941,49.35682343791092,2.718345337807369,0.3481955802183294,0.008450732411322898,8.110114097595215,39.35438919067383,1.0
train,1942,49.35364866343951,2.677090881771977,0.3482446548400499,0.00845627607889099,7.8841233253479,38.2774772644043,1.0
train,1943,49.37441738280803,2.6884653124231757,0.34836004140653587,0.008463432026624739,7.888847351074219,38.32014083862305,1.0
train,1944,49.47016742872398,2.747015050336026,0.3482819336305989,0.008465887481461137,8.063307762145996,39.187740325927734,1.0
train,1945,49.465308308383285,2.7069874109909553,0.3487972520534433,0.00848277314975082,8.055397033691406,39.169429779052734,1.0
train,1946,49.465283129706386,2.700893392329071,0.3484221917999301,0.008478006500469747,8.079733848571777,39.30796432495117,1.0
train,1947,49.493144645649046,2.7069387453360476,0.3482247306190041,0.00847755413680806,8.143926620483398,39.640621185302734,1.0
train,1948,49.545641903645205,2.7248550621616157,0.3488386421468814,0.008496859900604403,8.306695938110352,40.453670501708984,1.0
train,1949,49.48417762396234,2.681233952868085,0.3476369573744583,0.008471934813071581,7.954977512359619,38.76068878173828,1.0
train,1950,49.57128182951016,2.7174763293917086,0.3481558964795958,0.008488932905657276,8.400413513183594,40.95207595825195,1.0
train,1951,49.623898232240535,2.728152440137755,0.34922466494423804,0.008519357091325414,8.235331535339355,40.16789627075195,1.0
train,1952,49.58581988505291,2.6930511926845715,0.34771788674224396,0.008486945183734525,7.822746276855469,38.17506408691406,1.0
train,1953,49.61616476472812,2.6969041737103874,0.347762047481153,0.008492369630510047,8.114697456359863,39.62006759643555,1.0
train,1954,49.6489281680529,2.6969730615877556,0.3479561189832244,0.008501457884534472,8.1035795211792,39.58604431152344,1.0
train,1955,49.72241179671778,2.7545883843107535,0.3491028326141324,0.008533838380286802,8.06506633758545,39.41807556152344,1.0
train,1956,49.64115340187137,2.6638303548043085,0.3480339301535379,0.008512058988596314,7.839962959289551,38.33747863769531,1.0
train,1957,49.68252718269803,2.687922701397703,0.34837177582289597,0.008524676079369214,8.213057518005371,40.18244934082031,1.0
train,1958,49.69061354669598,2.665064493815104,0.3483746839537971,0.008529101489569747,8.32176399230957,40.7350959777832,1.0
train,1959,49.741646626734536,2.6838052235284744,0.3480748966243561,0.008526112431652057,8.178832054138184,40.0558967590332,1.0
train,1960,49.77254731184914,2.6999727396401476,0.3478799136706512,0.008525684378279167,8.168286323547363,40.0246696472168,1.0
test,1960,48.60938245634809,1.8737317370129871,0.3565546527344107,0.008738280979621208,8.018084526062012,39.28867721557617,1.0
train,1961,49.75859005199088,2.6661938535744047,0.347858135141037,0.008529498431742315,7.970008850097656,39.07303237915039,1.0
train,1962,49.798644508671686,2.6852557687937364,0.34766011634153887,0.008528988318004329,8.29238224029541,40.674198150634766,1.0
train,1963,49.830135505974965,2.705954268700118,0.34805973274909313,0.00854314223808913,7.980865001678467,39.16615676879883,1.0
train,1964,49.84210353590306,2.6771391705632688,0.3476902514728835,0.008538418996606656,7.809302806854248,38.34373474121094,1.0
train,1965,49.8675809456148,2.6850666725892878,0.3471830781894074,0.008530303420373411,7.97078275680542,39.156532287597656,1.0
train,1966,49.874873994952196,2.661094520365062,0.347608107068885,0.008545091065365417,7.935624599456787,39.003658294677734,1.0
train,1967,49.90838455691514,2.678345385375932,0.34769224885004674,0.008551505202772165,7.839947700500488,38.55299758911133,1.0
train,1968,49.94924320705287,2.7089445837853465,0.3474728472277309,0.008550451987070279,8.450235366821289,41.57522201538086,1.0
train,1969,49.92696166780027,2.671945945273552,0.34677217750814515,0.008537544447672414,8.029292106628418,39.52425003051758,1.0
train,1970,49.935277790191016,2.655375698744226,0.3473410210328533,0.008555890725880049,8.109277725219727,39.93825149536133,1.0
train,1971,49.98848309536099,2.6812384891893855,0.3478280537476524,0.008572234993377842,7.933051586151123,39.09016799926758,1.0
train,1972,50.01460868397171,2.683705899028869,0.34698842603820956,0.008555879259632065,8.26624584197998,40.752655029296875,1.0
train,1973,50.02817063622975,2.6773312174702495,0.3477651405543841,0.00857937775455015,8.368797302246094,41.27915573120117,1.0
train,1974,50.06162983447346,2.690845454607174,0.34741212472870286,0.008575011059510263,8.228584289550781,40.60811996459961,1.0
train,1975,50.0436224101709,2.654435733888684,0.347146974655023,0.008572805387448751,8.052131652832031,39.7574577331543,1.0
train,1976,50.074225989968795,2.6480171491146263,0.34669840924695344,0.008566061347421381,7.857464790344238,38.81593704223633,1.0
train,1977,50.1104600392023,2.6631160698397625,0.3473605600155364,0.008586763030200159,8.075695991516113,39.91419219970703,1.0
train,1978,50.11411020618806,2.6559598429317313,0.3467018463827078,0.008574812949961095,8.214651107788086,40.62150573730469,1.0
train,1979,50.08939859311396,2.636066915523949,0.3463087755378419,0.008569419741289256,7.905389308929443,39.111976623535156,1.0
train,1980,50.19056230580637,2.668924202554356,0.347716604708055,0.00860860253397479,8.301287651062012,41.09143829345703,1.0
test,1980,48.98310156934371,1.8172435380214527,0.357578791842854,0.008852765878519256,8.1602201461792,40.39315414428711,1.0
train,1981,50.20749408876857,2.6629072818134976,0.3474343178082943,0.008605956303676499,8.27922248840332,41.00291061401367,1.0
train,1982,50.19355316385436,2.655184927590374,0.3468675191176492,0.008596252097052321,8.138572692871094,40.32668685913086,1.0
train,1983,50.22337799407256,2.6627031389802442,0.3467638313748485,0.008598016567670785,8.303271293640137,41.16352462768555,1.0
train,1984,50.248927239572616,2.6467434840894994,0.3472909393478042,0.00861542692368944,8.239908218383789,40.8700065612793,1.0
train,1985,50.24383813053359,2.639632838137892,0.34659265224374436,0.008602436127301966,8.458052635192871,41.973148345947266,1.0
train,1986,50.29302620355611,2.6502041919651025,0.34676012275771173,0.008610926816683026,8.161580085754395,40.52230453491211,1.0
train,1987,50.28452676772373,2.6350368104746957,0.34655896273018716,0.008610263060614645,8.043914794921875,39.95820236206055,1.0
train,1988,50.31798070104315,2.6322893965519087,0.34677563907024495,0.008619980649823202,7.94667387008667,39.49502944946289,1.0
train,1989,50.348049241982665,2.64221126920698,0.34748966930290304,0.008642072853546153,8.431063652038574,41.92353057861328,1.0
train,1990,50.285534178604365,2.591969126796618,0.34711674740146115,0.0086371368061762,8.13099193572998,40.45174026489258,1.0
train,1991,50.41858955882994,2.6548219297641458,0.3472997342279618,0.00864603079072712,8.022282600402832,39.930973052978516,1.0
train,1992,50.39636515768465,2.6319788832652278,0.34595456770650207,0.008616866854695378,7.933197021484375,39.507381439208984,1.0
train,1993,50.42157940492934,2.6218975861343847,0.3465932182370635,0.008637106031158283,8.160958290100098,40.66203689575195,1.0
train,1994,50.412373606643094,2.602208176245412,0.34605090381721415,0.008627916754804472,8.081565856933594,40.28666305541992,1.0
train,1995,50.477998925441796,2.636486763924502,0.3464487426847143,0.008642166051574841,8.028409004211426,40.041748046875,1.0
train,1996,50.474713558248666,2.62069117870254,0.34661139353177417,0.008650555587126223,8.263279914855957,41.233829498291016,1.0
train,1997,50.505140880329286,2.6266805381509704,0.3459003733227727,0.008637133618996033,8.0015230178833,39.947662353515625,1.0
train,1998,50.53856607291274,2.635540562674016,0.3461904808404548,0.008648704553072865,8.375219345092773,41.83428192138672,1.0
train,1999,50.545274636093794,2.6316757453390847,0.34606203943916264,0.008649821108359419,7.652709484100342,38.24447250366211,1.0
train,2000,50.55569498764915,2.6120242618877634,0.3458418610590611,0.008648640340434471,8.251083374023438,41.2554817199707,1.0
test,2000,49.41827734972848,1.8157746416353233,0.35343107227348464,0.008838427539879169,7.9452080726623535,39.72610092163086,1.0
train,2001,50.608342798472414,2.6345396854918475,0.34699218909120194,0.008681744137321637,8.056840896606445,40.30440902709961,1.0
train,2002,50.57856091395691,2.6025052285220567,0.3462940890231588,0.008668605917736999,8.043278694152832,40.25666427612305,1.0
train,2003,50.594056993101354,2.589977796200732,0.3460320445848305,0.008666371259006914,7.9981536865234375,40.05080795288086,1.0
train,2004,50.6406493886591,2.6090722110216493,0.34562726514574116,0.008660553468253084,8.072351455688477,40.442535400390625,1.0
train,2005,50.66135874921657,2.6359017794707125,0.3456887378825227,0.008666414498160233,8.100242614746094,40.60251998901367,1.0
train,2006,50.68056127922988,2.6032750352677345,0.3462372056477418,0.008684492113880442,8.181462287902832,41.03009796142578,1.0
train,2007,50.70487263801985,2.624011193619863,0.3458790002704932,0.008679830485346774,8.132155418395996,40.80314636230469,1.0
train,2008,50.73353066498484,2.6186222197849847,0.34446528435102364,0.008648658682190483,7.972421169281006,40.0216178894043,1.0
train,2009,50.79150810758142,2.6223403087606196,0.34655208985446967,0.008705384598433268,8.061441421508789,40.48865509033203,1.0
train,2010,50.80523365075188,2.6287705455993584,0.34574678674356607,0.00868947679599784,8.118425369262695,40.79514694213867,1.0
train,2011,50.787219290763,2.598653185467907,0.3458466709554304,0.008696309785782574,8.381708145141602,42.13909912109375,1.0
train,2012,50.82148012677,2.6138450268027635,0.34575579797135486,0.008698346301127391,8.12767219543457,40.88225173950195,1.0
train,2013,50.8233927403271,2.6035917877409425,0.3453151557718578,0.00869157685940638,8.39606761932373,42.25327682495117,1.0
train,2014,50.855626401820984,2.587780474744086,0.3461266087386532,0.008716327267345482,8.106684684753418,40.81721878051758,1.0
train,2015,50.86539631748304,2.6081542019612005,0.3452696425113057,0.00869906216926655,8.122366905212402,40.916481018066406,1.0
train,2016,50.87366431997322,2.5937699905211264,0.34537651614745024,0.008706071623256527,8.23762035369873,41.51766586303711,1.0
train,2017,50.90000861370646,2.5779003837018757,0.34509998549047166,0.008703414300695005,8.232344627380371,41.51165771484375,1.0
train,2018,50.947616596689514,2.5910766467566546,0.34522074166558575,0.008710774596610207,8.365466117858887,42.20383834838867,1.0
train,2019,50.93385811563904,2.5694064193708837,0.34550853914888274,0.00872235486498574,8.232696533203125,41.554595947265625,1.0
train,2020,50.989595619087204,2.604741135229787,0.3448707205098582,0.00871056360150973,7.947498321533203,40.134925842285156,1.0
test,2020,49.745770693217814,1.740806086965686,0.35515263321762963,0.008970258754678452,8.33704662322998,42.10214614868164,1.0
train,2021,51.00581777902737,2.60758129668419,0.34533329268231133,0.008726563241083073,7.947160243988037,40.1530876159668,1.0
train,2022,51.03579575266107,2.608894216940161,0.34528156466157806,0.00872957166331332,8.368084907531738,42.30073165893555,1.0
train,2023,51.0277899718747,2.5849956592011267,0.34495042646668395,0.008725511120150011,7.932104587554932,40.11668014526367,1.0
train,2024,51.03596941699835,2.5670781671193943,0.3454906492934661,0.008743494242274916,8.455636978149414,42.785587310791016,1.0
train,2025,51.105680952131465,2.6065881521850987,0.3450469203017982,0.00873657723932527,8.196578979492188,41.4952392578125,1.0
train,2026,51.07500663363711,2.573218291555182,0.34565838221617334,0.00875637973359379,8.171607971191406,41.389251708984375,1.0
train,2027,51.1046263495514,2.5839290765454557,0.3447360329430835,0.00873732312010134,8.418583869934082,42.661231994628906,1.0
train,2028,51.12578661486294,2.5867060505336257,0.34479978151736657,0.00874324839183427,8.209039688110352,41.61989212036133,1.0
train,2029,51.148378608778984,2.565401866590414,0.34573431604736415,0.008771267065252672,8.153833389282227,41.360374450683594,1.0
train,2030,51.16697754983801,2.549041533095035,0.3451764839191904,0.008761429158960705,8.073543548583984,40.973297119140625,1.0
train,2031,51.19870614150571,2.5686051766164915,0.34486069733347163,0.00875772404543149,8.189297676086426,41.58122253417969,1.0
train,2032,51.18741337161687,2.5479106323822838,0.34449210378044565,0.008752669347117523,7.830470561981201,39.778846740722656,1.0
train,2033,51.26650132794455,2.592279846660392,0.3451779250735727,0.00877440861678081,8.128973960876465,41.31556701660156,1.0
train,2034,51.25766616385802,2.5759690832925988,0.3448029018085255,0.008769185146121999,8.30993366241455,42.256080627441406,1.0
train,2035,51.26632813678048,2.5603059614441834,0.3448181382649293,0.008773882442357578,8.346220970153809,42.461456298828125,1.0
train,2036,51.2626138960011,2.544799369200655,0.3443078872619249,0.008765202546115528,8.037991523742676,40.91343307495117,1.0
train,2037,51.28750881135049,2.551382422839771,0.3444318118829933,0.008772662318688541,8.175568580627441,41.63413619995117,1.0
train,2038,51.27123324006545,2.5213560682925555,0.34467483657295345,0.00878316015091555,8.753008842468262,44.59664535522461,1.0
train,2039,51.35547689583726,2.5518440361036907,0.3442588817318673,0.008776863407133472,8.09943675994873,41.28693771362305,1.0
train,2040,51.375750140048105,2.5651791206524566,0.3445661707409476,0.008789004371866185,8.448145866394043,43.08561325073242,1.0
test,2040,50.31703153170287,1.8781118998258013,0.3513877175071023,0.008963004634926537,8.193705558776855,41.78795623779297,1.0
train,2041,51.3911666898033,2.557406498406163,0.34470648404403,0.00879689180659634,8.281160354614258,42.25468063354492,1.0
train,2042,51.375798220866514,2.520569880541715,0.34459748112845673,0.008798417095544563,8.374159812927246,42.75014877319336,1.0
train,2043,51.43106372217708,2.549710694922661,0.344290513849241,0.008794882670663742,7.906152248382568,40.38072967529297,1.0
train,2044,51.448973541594754,2.5309619617427264,0.34449339349148606,0.008804370957022014,8.383464813232422,42.839569091796875,1.0
train,2045,51.45777635403356,2.527385143582916,0.3444645271343143,0.008807938582694767,7.845105171203613,40.10816192626953,1.0
train,2046,51.47371247867678,2.54294877901995,0.3437172945192172,0.00879312792329344,8.37528133392334,42.83962631225586,1.0
train,2047,51.51031076799065,2.5592120268647593,0.34418609820134555,0.008809422962530171,7.6508684158325195,39.153377532958984,1.0
train,2048,51.55808854199049,2.5565300476319877,0.3440067816077245,0.00880913301961291,8.0132474899292,41.027889251708984,1.0
train,2049,51.5727131421689,2.571346725424785,0.34514365002562003,0.00884255917360782,8.27023983001709,42.36436080932617,1.0
train,2050,51.58269261354236,2.5528657384901052,0.34387260490051785,0.008814293053074717,8.142674446105957,41.73126983642578,1.0
train,2051,51.583291258604326,2.531468675810908,0.34379116676685095,0.008816502555049014,8.285947799682617,42.48625946044922,1.0
train,2052,51.625038098119965,2.5324799097635524,0.3444242655380366,0.008837043205464915,8.145942687988281,41.78874588012695,1.0
train,2053,51.63595045350037,2.533852932787273,0.34407252755917084,0.008832318987638966,8.12111759185791,41.681697845458984,1.0
train,2054,51.64447058333262,2.5287538954856585,0.34394616449092974,0.0088333741531722,7.943497657775879,40.7899169921875,1.0
train,2055,51.67539539051021,2.5249869398611873,0.344199241668891,0.00884417585098429,8.224735260009766,42.254634857177734,1.0
train,2056,51.68966634326743,2.5254640296575923,0.34364401687862145,0.008834204508825981,7.88428258895874,40.525272369384766,1.0
train,2057,51.75953489374076,2.565234483313395,0.34391672725516975,0.00884551372093615,8.400028228759766,43.19721221923828,1.0
train,2058,51.761540884331296,2.5420676718864343,0.3431400629874773,0.008829826793170693,8.41234016418457,43.28155517578125,1.0
train,2059,51.74779147452764,2.5308031290824102,0.3434117858417733,0.00884111109987725,7.9660491943359375,41.00529861450195,1.0
train,2060,51.79091546581728,2.539378116299196,0.34386556313406885,0.008857091452508544,8.003860473632812,41.219940185546875,1.0
test,2060,50.72600203744886,1.8423918421752103,0.34802957258822825,0.008964345613723345,8.018481254577637,41.29523849487305,1.0
train,2061,51.80106520417231,2.529570120662462,0.34329901149846065,0.008846789349765707,7.874746799468994,40.57468795776367,1.0
train,2062,51.82817380244244,2.530617832221524,0.34351111801823025,0.008856548778193375,8.167035102844238,42.10112762451172,1.0
train,2063,51.827612783723026,2.514401625330702,0.34463963611545556,0.008889952273226831,8.036439895629883,41.447994232177734,1.0
train,2064,51.8871042758957,2.5507181574475664,0.34346375673017004,0.008863913424713325,8.531778335571289,44.0240364074707,1.0
train,2065,51.87018459025556,2.4948368512183983,0.3434598289738197,0.008868104877992921,8.239587783813477,42.53693389892578,1.0
train,2066,51.9103959492175,2.524228081701441,0.3438433665649995,0.008882305399712609,7.87123966217041,40.65501022338867,1.0
train,2067,51.92138090946715,2.518594729957064,0.34259317386207067,0.008854291886286905,8.101274490356445,41.863399505615234,1.0
train,2068,51.956617885049425,2.518348009909983,0.34363800729974214,0.008885590564522462,7.987781524658203,41.2968864440918,1.0
train,2069,52.01067994917176,2.549285911004534,0.3437980110288495,0.008894024892737886,8.183084487915039,42.327064514160156,1.0
train,2070,51.978535400569285,2.5232472676215396,0.34362618843801634,0.008893874754955471,8.167877197265625,42.268821716308594,1.0
train,2071,51.95715482637117,2.4881698211993744,0.3430926214414248,0.008884352982755545,8.33109188079834,43.1342887878418,1.0
train,2072,52.02340923104145,2.5001840825225683,0.34280799589356004,0.008881267300892778,7.826411724090576,40.540870666503906,1.0
train,2073,52.01374988576845,2.4834488311443756,0.3425880143200134,0.008879850070018442,8.336180686950684,43.20231246948242,1.0
train,2074,52.09468201442904,2.5318448917795093,0.3433534724783034,0.008903982164847397,8.297755241394043,43.02392578125,1.0
train,2075,52.07353655427443,2.506149395280734,0.3441278930116912,0.00892836592219836,8.479926109313965,43.98968505859375,1.0
train,2076,52.11290978530454,2.51528571945732,0.3429214869756381,0.008901351920628865,8.098817825317383,42.032920837402344,1.0
train,2077,52.15175957091771,2.516152703975785,0.34261995281354873,0.008897807197397403,8.197382926940918,42.56496810913086,1.0
train,2078,52.17423830196354,2.525237981277728,0.3443888878150602,0.00894805069973824,8.200469017028809,42.601497650146484,1.0
train,2079,52.15560594008076,2.482765457371064,0.3427526988348069,0.008909822559381796,8.119999885559082,42.20375442504883,1.0
train,2080,52.20359259004171,2.51276525280391,0.3431350290666253,0.008924049954947352,7.986738681793213,41.531097412109375,1.0
test,2080,51.02696359556598,1.6879866735926925,0.3509645184673381,0.00912767461758745,8.002893447875977,41.615108489990234,1.0
train,2081,52.212172667708884,2.4926633335843524,0.34326696343531854,0.008931771632806942,7.96682596206665,41.44747543334961,1.0
train,2082,52.204554171515085,2.4739393952387485,0.342843411302898,0.008925035963293035,8.327929496765137,43.3469352722168,1.0
train,2083,52.24744530854712,2.487849693703119,0.34265448189549425,0.008924400430565652,7.796449184417725,40.600067138671875,1.0
train,2084,52.28359305461684,2.5034398324228757,0.3427249805158719,0.008930520193669378,8.125343322753906,42.33309555053711,1.0
train,2085,52.27790548057291,2.4816081845799602,0.34338178261269414,0.008951926588398535,8.276326179504395,43.14040756225586,1.0
train,2086,52.277389226272085,2.4720114279787837,0.3410306254281171,0.008894894626936631,8.343592643737793,43.51189041137695,1.0
train,2087,52.3288644873699,2.490011606729384,0.3431129099639658,0.00895349407198073,8.305449485778809,43.33374786376953,1.0
train,2088,52.34020932306093,2.486819449074749,0.3419601783794315,0.008927687741421386,8.155535697937012,42.571956634521484,1.0
train,2089,52.365058770512995,2.497514397418416,0.34144696062229685,0.008918556625480027,8.019015312194824,41.879371643066406,1.0
train,2090,52.35337113828132,2.478034289206858,0.3425028480281334,0.008950417144524795,8.354486465454102,43.652252197265625,1.0
train,2091,52.44495532541453,2.495961445746647,0.3429497671005188,0.008966382650307057,8.22989559173584,43.02184295654297,1.0
train,2092,52.43155761311179,2.4697674396401834,0.3419688825331631,0.008945011718439724,8.03416633605957,42.01874923706055,1.0
train,2093,52.45859063626906,2.478224211719679,0.3426004487256449,0.008965813915847963,8.291625022888184,43.385982513427734,1.0
train,2094,52.47255517796985,2.4838409200501537,0.341771238503594,0.008948385293999826,8.081685066223145,42.30767822265625,1.0
train,2095,52.506596553731306,2.4951781835740974,0.3424490954123091,0.00897041338849536,8.207456588745117,42.98661422729492,1.0
train,2096,52.53005189612982,2.484458579975216,0.3422991895344159,0.008970764933820461,7.959134578704834,41.705928802490234,1.0
train,2097,52.53621527584228,2.475960026282859,0.3418981438367043,0.008964527876248447,8.096869468688965,42.44789505004883,1.0
train,2098,52.6406399684645,2.5193207144431913,0.3435430879170669,0.009011951969756187,7.9538726806640625,41.71812057495117,1.0
train,2099,52.544586384030346,2.4633929116185924,0.34178081781838865,0.008969995268267408,8.008139610290527,42.02277755737305,1.0
train,2100,52.57920387259691,2.454303608854917,0.34222648556399077,0.008985969166385792,8.219893455505371,43.154502868652344,1.0
test,2100,51.560372907500046,1.7778231221490877,0.3498641942653792,0.009186515347898912,7.957324504852295,41.7760124206543,1.0
train,2101,52.668164049100405,2.493138000287287,0.3423708019961466,0.00899403774412502,7.941893100738525,41.7148551940918,1.0
train,2102,52.60890799200321,2.4563866010568884,0.34227033434357346,0.008995676422917343,8.05115032196045,42.3088493347168,1.0
train,2103,52.661592256704445,2.459794140455272,0.3420751950612576,0.008994823211954404,8.373629570007324,44.024417877197266,1.0
train,2104,52.67579046222172,2.4606518932109434,0.3419633503148637,0.008996156383172737,7.886364936828613,41.48234176635742,1.0
train,2105,52.67690758228825,2.451140391534386,0.3418650831270689,0.008997844118112294,7.8054375648498535,41.076171875,1.0
train,2106,52.73490049025099,2.478495497691339,0.3420072674882137,0.009005861055170447,8.566664695739746,45.103546142578125,1.0
train,2107,52.7548586457717,2.47164329084947,0.3419603060943235,0.009008898526864014,8.020459175109863,42.24782943725586,1.0
train,2108,52.78033672267161,2.467513920839479,0.34265753030340795,0.009031549596205484,8.27518367767334,43.61027908325195,1.0
train,2109,52.83049380277654,2.5053938870197943,0.34179290676570573,0.009013032382128116,8.601127624511719,45.34950637817383,1.0
train,2110,52.810363384292884,2.4667247795945246,0.3413261876976887,0.009004991214583464,8.112196922302246,42.791900634765625,1.0
train,2111,52.84549616266858,2.4709174515256245,0.3421534821963598,0.009031093688777263,8.208064079284668,43.31812286376953,1.0
train,2112,52.8416706005645,2.454820205124577,0.34190794438439936,0.009028886174218813,7.984137058258057,42.156307220458984,1.0
train,2113,52.89970580239545,2.4712984578495187,0.34143882525346675,0.009020765534962524,7.953618049621582,42.015045166015625,1.0
train,2114,52.86698559043262,2.4481249801239335,0.3419256381311567,0.009037900705498366,7.984439373016357,42.197818756103516,1.0
train,2115,52.89498908625301,2.457938835291997,0.3413836482327542,0.009027841503615752,7.787686347961426,41.17744827270508,1.0
train,2116,52.96865430176585,2.4928832544409834,0.3419624807369652,0.00904742274953855,8.12359619140625,42.9738883972168,1.0
train,2117,52.965894748647266,2.4596176063713466,0.341002065447107,0.00902627480083285,8.3753080368042,44.32638168334961,1.0
train,2118,52.99866342387529,2.446188266836502,0.3421378200236494,0.009060614353447844,8.040278434753418,42.57332992553711,1.0
train,2119,53.03183192487955,2.476007483182615,0.34165076078881806,0.00905198608654907,8.188666343688965,43.3795166015625,1.0
train,2120,53.08181828995393,2.4976614551844283,0.3419208275368918,0.009063415047810029,8.17249584197998,43.31428909301758,1.0
test,2120,51.967639347437164,1.7358932760269001,0.34905323163233665,0.00925247617950942,8.243911743164062,43.69279479980469,1.0
train,2121,53.04773226422876,2.456887863164763,0.34060709213887735,0.00903284856670034,7.862231731414795,41.68954086303711,1.0
train,2122,53.03957109978205,2.4215712283846664,0.34214642716989474,0.009077947901555089,8.494437217712402,45.06305694580078,1.0
train,2123,53.10791236439163,2.460837307318287,0.34168520054012874,0.009069981114238136,8.302766799926758,44.06699752807617,1.0
train,2124,53.11304225565704,2.454914328906286,0.3418759619234422,0.00907931786800772,8.035286903381348,42.66743087768555,1.0
train,2125,53.12243061924085,2.4430125236860176,0.3406850352114563,0.009051948153531643,8.04697322845459,42.74959945678711,1.0
train,2126,53.12935699702967,2.422038664889344,0.3413837438444493,0.009074779602805418,8.092203140258789,43.0101203918457,1.0
train,2127,53.16726923390181,2.431499284394617,0.3406409868337364,0.00905929296808656,8.007336616516113,42.579071044921875,1.0
train,2128,53.201164587574304,2.447610215132288,0.341676812533097,0.009091111121184374,7.793217658996582,41.4599723815918,1.0
train,2129,53.18611598512082,2.4345131604347827,0.34114642305510234,0.009081262771866107,8.184710502624512,43.56317901611328,1.0
train,2130,53.23121985733138,2.4417364495253326,0.34082346489435583,0.009076925544985886,8.040964126586914,42.818199157714844,1.0
train,2131,53.27914595228824,2.4721133123593937,0.3410616775942599,0.00908753255064935,8.075294494628906,43.02119445800781,1.0
train,2132,53.24028704378398,2.4273831241522523,0.3407874095147667,0.009084484139217324,8.316100120544434,44.32487106323242,1.0
train,2133,53.2375496823492,2.4095270273408915,0.3404223312618006,0.009079006979539651,8.225932121276855,43.86484146118164,1.0
train,2134,53.31769752572231,2.4363891763474275,0.34137020327431616,0.009108553269357894,7.617439270019531,40.639095306396484,1.0
train,2135,53.33609222484691,2.43444486437287,0.3409777067975164,0.00910234234297168,8.124171257019043,43.362823486328125,1.0
train,2136,53.344159678666095,2.411415169887215,0.3408166380797469,0.009102302422686366,8.117972373962402,43.350032806396484,1.0
train,2137,53.43002997690446,2.477397953595951,0.3414079866433728,0.009122362936993209,7.7928996086120605,41.63362121582031,1.0
train,2138,53.36118061918502,2.412923165917004,0.34049658316463244,0.009102266173787942,8.118556022644043,43.393741607666016,1.0
train,2139,53.391772380819084,2.420256823006891,0.3405897682767799,0.009109014175090241,8.498503684997559,45.4458122253418,1.0
train,2140,53.44691241725303,2.431656548185659,0.34105056709655246,0.009125600865236762,8.064330101013184,43.144222259521484,1.0
test,2140,52.40915187307483,1.7446286383071155,0.347289120799906,0.009292527874207345,8.009634971618652,42.85160446166992,1.0
train,2141,53.47080456133165,2.4353560870966544,0.3404930978740828,0.009114940218180694,8.017138481140137,42.911800384521484,1.0
train,2142,53.5388366944878,2.471763820208519,0.34046231090826207,0.009118371409840344,7.894627571105957,42.27578353881836,1.0
train,2143,53.48090953666388,2.4170729842676244,0.3406140899379045,0.009126693655117576,8.257206916809082,44.2380485534668,1.0
train,2144,53.489049038431645,2.4003991225766383,0.340849732986266,0.009137267864077387,8.281826972961426,44.390647888183594,1.0
train,2145,53.522704787800436,2.401569998748478,0.34063748270000593,0.00913583554547042,8.056288719177246,43.20191192626953,1.0
train,2146,53.5946701823073,2.4507873959476765,0.34103645983520464,0.00915079856937421,8.091697692871094,43.412017822265625,1.0
train,2147,53.581333186920425,2.432845636640675,0.33991056163800404,0.009124836568606519,7.883099555969238,42.31259536743164,1.0
train,2148,53.59646193570285,2.417507809507424,0.34053672472286955,0.009145902084950397,8.001662254333496,42.96898651123047,1.0
train,2149,53.62224262850301,2.413307561221857,0.3405184956901989,0.009149668557625822,8.222709655761719,44.176570892333984,1.0
train,2150,53.642119371712184,2.411401016564758,0.34070931848832375,0.009159054371265149,7.7680344581604,41.75324249267578,1.0
train,2151,53.65782306920989,2.408973529144298,0.3403150556377993,0.009152709186911861,8.633655548095703,46.427547454833984,1.0
train,2152,53.66761645230888,2.4126114075845995,0.3401751324583487,0.009153197743347852,7.971431255340576,42.88636016845703,1.0
train,2153,53.716079443922155,2.4265864205107426,0.33985077431905936,0.00914871784820849,8.442671775817871,45.442745208740234,1.0
train,2154,53.741491550148254,2.4396180516845614,0.3407547661466909,0.009177312143953271,7.731350898742676,41.633384704589844,1.0
train,2155,53.748273651982856,2.4163335918115254,0.3400379701538309,0.009162257223438258,8.278592109680176,44.60097885131836,1.0
train,2156,53.75483413288718,2.4062116464502505,0.34044465066049284,0.009177470283473358,8.447409629821777,45.53159713745117,1.0
train,2157,53.82073635711279,2.4355662485814293,0.3396034666438963,0.009159038848205556,8.28095531463623,44.65511703491211,1.0
train,2158,53.77625517386287,2.381226750027335,0.3397075884777506,0.009166092913852182,8.258376121520996,44.553993225097656,1.0
train,2159,53.81637929448094,2.398000167919261,0.3398339501502005,0.009173749942307073,7.845637798309326,42.34688186645508,1.0
train,2160,53.822245155722506,2.3834009711401305,0.3399198764503722,0.009180318079258136,8.09106159210205,43.69178771972656,1.0
test,2160,52.71607815798489,1.6734197688796129,0.3473135538416936,0.009380001342668772,7.906793117523193,42.69674301147461,1.0
train,2161,53.83278050651229,2.385296966407572,0.3390137288232797,0.009160082726292092,7.865756988525391,42.49481201171875,1.0
train,2162,53.89502536146971,2.402376609715707,0.3410552939433472,0.009219508169826512,8.490800857543945,45.89284133911133,1.0
train,2163,53.92465970946283,2.409871059156712,0.33953934958074455,0.009182772528268759,8.212286949157715,44.40800094604492,1.0
train,2164,53.95337061178889,2.403464793635514,0.3400095720845965,0.009199739294716692,8.212702751159668,44.4307746887207,1.0
train,2165,53.943821412584434,2.400835659056411,0.3394947100854644,0.009190051781229567,7.667768955230713,41.501853942871094,1.0
train,2166,53.98438356876199,2.4020343589294186,0.3397595098155608,0.00920146642448164,8.080790519714355,43.757537841796875,1.0
train,2167,54.02848494327684,2.4132464646507956,0.3402482642387672,0.00921895569272424,7.654538154602051,41.4685173034668,1.0
train,2168,54.03524713275461,2.4143363039789296,0.33933585997775845,0.009198475563816493,8.12468147277832,44.03582763671875,1.0
train,2169,54.05425291483628,2.410173912341456,0.33922081468221343,0.009199596833784527,8.112317085266113,43.98909378051758,1.0
train,2170,54.08932266067857,2.42840765999474,0.33999006101773677,0.009224708082675778,8.333255767822266,45.20797348022461,1.0
train,2171,54.08342551836111,2.3907293325983208,0.339259455067048,0.009209125391086499,8.144192695617676,44.20266342163086,1.0
train,2172,54.109768102250165,2.4081332293614075,0.3397683458715579,0.009227185802812473,7.962588787078857,43.236915588378906,1.0
train,2173,54.11552090859439,2.3948229787291253,0.33936097235458046,0.009220364232063679,8.16797924041748,44.37260818481445,1.0
train,2174,54.16724572040378,2.4074746001739444,0.3396697988276337,0.009233000428450908,8.006568908691406,43.51576614379883,1.0
train,2175,54.18549841033902,2.4164444678788475,0.3396764169714628,0.00923742585532272,8.251730918884277,44.86884307861328,1.0
train,2176,54.16660223973788,2.381541768927911,0.339396816969703,0.009234064230403462,8.510218620300293,46.295654296875,1.0
train,2177,54.245658949884444,2.4297938899945044,0.33949731532968186,0.009241041809492924,8.104260444641113,44.10749435424805,1.0
train,2178,54.201802956852944,2.3691847571251903,0.33920758537351103,0.009237395094996395,8.0079984664917,43.603614807128906,1.0
train,2179,54.25601339078499,2.4200736086664296,0.33902434800249553,0.009236642504630126,8.057136535644531,43.89131546020508,1.0
train,2180,54.29736006953452,2.3864654753175882,0.3396274233056301,0.009257318074582969,8.421088218688965,45.894989013671875,1.0
test,2180,53.15917260375999,1.6310432842974036,0.34431288380585356,0.009385030959939198,8.222874641418457,44.814727783203125,1.0
train,2181,54.34672496836132,2.4479626468193647,0.3391061099597137,0.009247346895844015,8.36799144744873,45.62653732299805,1.0
train,2182,54.28479908099769,2.36784838199441,0.33942559050676196,0.009260301453678893,8.227961540222168,44.88358688354492,1.0
train,2183,54.32789418220171,2.37098149209942,0.33887604170128227,0.00924954404034196,8.110319137573242,44.26211929321289,1.0
train,2184,54.355755258470154,2.3801747170988126,0.3392094159536295,0.00926288310798807,8.38900375366211,45.80402374267578,1.0
train,2185,54.41194988213046,2.4113293454797984,0.33911892541633437,0.009264650621122751,8.31333065032959,45.4116325378418,1.0
train,2186,54.36008987957158,2.360341219687436,0.3382061352190673,0.00924394055794872,7.821530342102051,42.744720458984375,1.0
train,2187,54.36111734936711,2.3614052285041907,0.3388669383512763,0.009266237219068812,8.685386657714844,47.4874153137207,1.0
train,2188,54.44848652213997,2.3860639257392644,0.338519393329083,0.009260964750942957,8.113632202148438,44.38163375854492,1.0
train,2189,54.481798386251015,2.391459741742455,0.34000912473352674,0.009305969416800909,8.292657852172852,45.38163375854492,1.0
train,2190,54.48142185762519,2.388683954176779,0.3385910895382839,0.009271390093898293,7.991998195648193,43.756248474121094,1.0
train,2191,54.4678864672731,2.3766272552188745,0.33832689069628585,0.009268384395079597,7.9862961769104,43.7449951171875,1.0
train,2192,54.54562625822199,2.3953859375982636,0.33866337407346264,0.009281835145708652,8.36718463897705,45.85223388671875,1.0
train,2193,54.59124729897659,2.4062279967480076,0.3377487121202376,0.009260988204460117,7.94923734664917,43.581748962402344,1.0
train,2194,54.57717752439218,2.3872648840023842,0.3392785878745008,0.009307177586809684,8.377644538879395,45.95144271850586,1.0
train,2195,54.576817279066134,2.3752157948979344,0.33854932746649924,0.009291403770919502,8.309954643249512,45.60093688964844,1.0
train,2196,54.60032578854608,2.367051488525301,0.33836300539699965,0.009290519321751796,8.122901916503906,44.59478759765625,1.0
train,2197,54.62242214539267,2.379996736975236,0.338180447078388,0.009289733604308226,8.005209922790527,43.96866989135742,1.0
train,2198,54.64035146680456,2.364943997396727,0.3383838620065465,0.009299550737589068,8.024879455566406,44.096771240234375,1.0
train,2199,54.61949245789267,2.345669120735534,0.3381481017117268,0.009297297942223628,7.909524440765381,43.482666015625,1.0
train,2200,54.65755654009454,2.34285418122756,0.3387607989012868,0.009318377985577423,8.123804092407227,44.68097686767578,1.0
test,2200,53.65192276846671,1.6791720002186414,0.34717298709694244,0.009549774149322371,8.14855670928955,44.817115783691406,1.0
train,2201,54.707137436208995,2.364244027666412,0.3381333398243206,0.009305344555963673,8.261513710021973,45.45903396606445,1.0
train,2202,54.68588774674461,2.3373363563266816,0.33814443008305606,0.009309876139793146,8.333109855651855,45.873836517333984,1.0
train,2203,54.776895629849314,2.3816926399953977,0.33828440630257106,0.009317958131936222,8.124403953552246,44.745208740234375,1.0
train,2204,54.72856991011015,2.348720141570297,0.33828470709556807,0.009322194553185807,7.938960552215576,43.74372863769531,1.0
train,2205,54.80155880338667,2.3696423840095306,0.33804798370484157,0.00931989628594666,8.076482772827148,44.521671295166016,1.0
train,2206,54.7947543144575,2.359549875884016,0.33796233865659053,0.009321759180693206,7.887691020965576,43.500667572021484,1.0
train,2207,54.8473877207159,2.3923879261205276,0.3379602219392823,0.00932592487720707,8.263936042785645,45.5963249206543,1.0
train,2208,54.84998899390747,2.347634712942258,0.338135157144423,0.009334978435723802,8.424662590026855,46.50420379638672,1.0
train,2209,54.897285601004896,2.3836450643082308,0.33796203018674215,0.009334422981177431,8.161894798278809,45.07411575317383,1.0
train,2210,54.892264239481854,2.3652130501025157,0.3378154344276068,0.00933459631526931,8.273557662963867,45.711463928222656,1.0
train,2211,54.91067079306085,2.365420657289451,0.3374186696214114,0.009327850127509807,8.019869804382324,44.329891204833984,1.0
train,2212,54.89418899363055,2.332992179638904,0.33860446051978993,0.009364863136644053,8.320246696472168,46.01102828979492,1.0
train,2213,54.946489785644886,2.35889605380134,0.3370882767790017,0.009327142868721286,8.251649856567383,45.652313232421875,1.0
train,2214,54.974693966923816,2.361866222036831,0.33806879425327985,0.009358498963513958,8.298527717590332,45.932403564453125,1.0
train,2215,54.9864227875571,2.3511593675944904,0.3373122293784249,0.009341771539973833,8.67706298828125,48.04929733276367,1.0
train,2216,54.99506214447524,2.345423380533854,0.3381878098768059,0.009370247431452934,8.122748374938965,45.000083923339844,1.0
train,2217,55.02314411167517,2.3419240064512796,0.3372470040570848,0.00934839547421254,8.081707000732422,44.79291915893555,1.0
train,2218,55.05705372335446,2.3371482232181395,0.33814220449403665,0.009377436542380147,8.017050743103027,44.45460891723633,1.0
train,2219,55.13629719733843,2.377407053037742,0.3377031186016933,0.009369480579375263,8.251967430114746,45.7778434753418,1.0
train,2220,55.09211399037891,2.3447585428672704,0.33771081429630506,0.009373915057355757,8.341166496276855,46.29352951049805,1.0
test,2220,54.15321934966734,1.6866227773244582,0.346423654118425,0.009615759312687303,8.349889755249023,46.341949462890625,1.0
train,2221,55.11545980225279,2.3289166983343765,0.3374212497413878,0.0093700948926981,7.957922458648682,44.18642044067383,1.0
train,2222,55.12907407434703,2.346519595836049,0.3375989213951158,0.009379248349959119,8.098971366882324,44.98984909057617,1.0
train,2223,55.153265407658566,2.3420671504188535,0.3369879319560515,0.009366485633332419,7.897239685058594,43.88896560668945,1.0
train,2224,55.137167876516116,2.3214454636920996,0.3363994119632301,0.009354332456332172,7.940274238586426,44.14797592163086,1.0
train,2225,55.21894915427561,2.3586600310977808,0.3379137365101808,0.009400665111474839,8.351603507995605,46.45586013793945,1.0
train,2226,55.16775244982566,2.309655799125953,0.33600595727579263,0.009351790884195568,8.13414478302002,45.266571044921875,1.0
train,2227,55.22211394046542,2.307003446956541,0.33804616010367894,0.00941279940748901,8.339235305786133,46.428749084472656,1.0
train,2228,55.265721599915246,2.3363369670578993,0.337326053992061,0.009396964411158452,8.356888771057129,46.54793167114258,1.0
train,2229,55.2858924809891,2.33822476065643,0.33781641776248555,0.00941484686309089,8.244550704956055,45.94281768798828,1.0
train,2230,55.266818927663,2.2930027933466186,0.33678746424094685,0.009390379645302233,8.3307523727417,46.444007873535156,1.0
train,2231,55.314220393572015,2.326245676062284,0.3370520197075887,0.009401968765972497,7.920604228973389,44.177223205566406,1.0
train,2232,55.31778739094516,2.31011919900257,0.33748296953320633,0.009418208102186793,7.860406398773193,43.861122131347656,1.0
train,2233,55.401392394092724,2.345060123090468,0.3370109338966255,0.009409247119959288,8.177294731140137,45.649810791015625,1.0
train,2234,55.4304495098562,2.3649776750460587,0.33689668420204694,0.009410268089193548,7.955413818359375,44.4310417175293,1.0
train,2235,55.39093697049266,2.332229371390149,0.3370351187702155,0.009418347389967534,8.457599639892578,47.25690460205078,1.0
train,2236,55.440027747100146,2.330920839501614,0.3362711492232076,0.009401201454418806,8.100316047668457,45.28083038330078,1.0
train,2237,55.46499544877165,2.3322764960916063,0.33733846815872054,0.009435257017878222,8.129233360290527,45.46279525756836,1.0
train,2238,55.51429713779956,2.35851908689709,0.3375652249026028,0.009445818480182675,8.089775085449219,45.26235580444336,1.0
train,2239,55.487176535725375,2.311137082504345,0.3365538262466001,0.009421723820317978,8.029425621032715,44.94476318359375,1.0
train,2240,55.50329954145245,2.3140507128227337,0.3366932881170692,0.009429836258952383,8.622169494628906,48.284210205078125,1.0
test,2240,54.55105742375507,1.6821080067050027,0.3456520148947663,0.009680745111560701,8.047375679016113,45.06536102294922,1.0
train,2241,55.54827012537689,2.324522571863816,0.33607486818371524,0.009416716563953662,8.120149612426758,45.493194580078125,1.0
train,2242,55.54017948048742,2.3171746386218497,0.33768866518413543,0.009466155355953059,8.447535514831543,47.3484992980957,1.0
train,2243,55.58126069790184,2.327676437383513,0.3363461220521784,0.009432724827818768,8.084013938903809,45.3311653137207,1.0
train,2244,55.6364788930581,2.345257814576937,0.3370223465831211,0.009455901697440212,7.920314311981201,44.433021545410156,1.0
train,2245,55.646835769614235,2.3405090789850753,0.3374618854096989,0.00947245177574784,8.281054496765137,46.47748565673828,1.0
train,2246,55.628478663333205,2.322085266448271,0.3361354455204617,0.00943942028717887,7.916322231292725,44.45021057128906,1.0
train,2247,55.6741838563374,2.3248006022984056,0.3363631562876082,0.009450019023775848,8.0525541305542,45.23527908325195,1.0
train,2248,55.66495009756245,2.3052242207867386,0.33666000408084673,0.009462566700101137,8.184582710266113,45.99741744995117,1.0
train,2249,55.7043094279083,2.315265307965577,0.33697193688714716,0.009475545982751223,8.371474266052246,47.06867599487305,1.0
train,2250,55.7675974874151,2.3399363384114227,0.33617632335854064,0.009457375361783095,8.157541275024414,45.886226654052734,1.0
train,2251,55.72134008034219,2.314608658009992,0.33634439755218876,0.009466307541051622,7.883059024810791,44.361968994140625,1.0
train,2252,55.73804201837254,2.2960965533069846,0.3362607610474303,0.00946815645705329,8.729077339172363,49.144771575927734,1.0
train,2253,55.81361699444533,2.345293879029169,0.33602752085356674,0.009465788993741507,7.945495128631592,44.75305938720703,1.0
train,2254,55.7845594124876,2.29730894309978,0.336374855809189,0.009479777574825753,8.182162284851074,46.10654830932617,1.0
train,2255,55.845701092728056,2.3239044345781736,0.3370204364429059,0.009502183780243617,7.995044708251953,45.072120666503906,1.0
train,2256,55.83408848287594,2.29447314209699,0.33635426928523343,0.009487605417497052,8.44157600402832,47.61054611206055,1.0
train,2257,55.83802415894537,2.2778961594794813,0.33611944068101923,0.009485182637648044,8.205489158630371,46.299530029296875,1.0
train,2258,55.89379408801819,2.310707784597576,0.33597149658761444,0.009485206926602175,8.116823196411133,45.81952667236328,1.0
train,2259,55.9123775092752,2.31020906282963,0.33572186282646777,0.009482355325580491,8.05432415008545,45.48685073852539,1.0
train,2260,55.91625203294192,2.2847603868749,0.33614052271083994,0.009498381574831679,8.321261405944824,47.01519012451172,1.0
test,2260,54.818178424936384,1.5384800033332096,0.3441679853178017,0.009725214990522554,8.076529502868652,45.63245391845703,1.0
train,2261,55.940974496896565,2.2930061711612484,0.33602105554887063,0.009499205613497201,7.932496547698975,44.838497161865234,1.0
train,2262,55.9748993841144,2.3050094029426225,0.33622943879569617,0.009509298987598072,8.068127632141113,45.62531661987305,1.0
train,2263,56.0009947398884,2.315568010404875,0.3356784460442519,0.009497911276532971,8.171026229858398,46.227638244628906,1.0
train,2264,56.0457866890632,2.338060107546938,0.3358757383344464,0.00950769162390869,8.0364408493042,45.48630905151367,1.0
train,2265,56.03606482630373,2.3105793522689266,0.3359959871394705,0.009515295057119065,8.250360488891602,46.71772384643555,1.0
train,2266,56.01683738141805,2.26979155388674,0.3352987601388037,0.00949974063479491,8.130210876464844,46.05770492553711,1.0
train,2267,56.06585720158566,2.2927833889327203,0.3363596033011868,0.009534000695554538,8.417070388793945,47.70380783081055,1.0
train,2268,56.078680935247974,2.289350398678157,0.33569598276450263,0.009519386373090159,8.31264591217041,47.13275909423828,1.0
train,2269,56.12557764398803,2.303990238104554,0.33556266516676064,0.009519799977834838,8.106589317321777,45.984683990478516,1.0
train,2270,56.124503166737505,2.292483924728935,0.33595380284085713,0.00953509542472217,8.280797004699707,46.99358367919922,1.0
train,2271,56.17004159200859,2.2919532644674536,0.3360954219065784,0.009543315652713122,8.038714408874512,45.63985061645508,1.0
train,2272,56.16501583653494,2.2926574048217816,0.33579796694418124,0.009539066574658068,7.783030986785889,44.207672119140625,1.0
train,2273,56.18762691510365,2.2827271490449483,0.3357575671645778,0.009542115481547507,7.903947353363037,44.91423797607422,1.0
train,2274,56.209417444334505,2.2903172855537712,0.3354638515267231,0.009537961062164407,8.274222373962402,47.03901290893555,1.0
train,2275,56.24664436728362,2.29511284714778,0.3353545875982012,0.009539045966091345,8.456396102905273,48.0958137512207,1.0
train,2276,56.27998979598491,2.307137959351524,0.3357211774930036,0.009553669584700917,8.01964282989502,45.63182067871094,1.0
train,2277,56.28483104321968,2.2948604127316523,0.3354963811378186,0.009551465805371728,8.044326782226562,45.79239273071289,1.0
train,2278,56.31259752951216,2.294820978839538,0.33491757236205744,0.009539173370945906,8.071394920349121,45.96665573120117,1.0
train,2279,56.33718140954898,2.2891078632130015,0.335425734563577,0.009557839326664198,8.422185897827148,47.9854621887207,1.0
train,2280,56.32226254588468,2.2645274754456883,0.33579433021028965,0.00957253934045426,8.042064666748047,45.83982849121094,1.0
test,2280,55.31783164544016,1.5896324435426479,0.3422676673946377,0.009757075734569047,8.401846885681152,47.89058303833008,1.0
train,2281,56.37817445064786,2.3014453116066935,0.335285882569476,0.009562235601715204,8.198676109313965,46.75300979614258,1.0
train,2282,56.38837742866547,2.2822296667395605,0.335214507392244,0.009564389769055348,8.14113712310791,46.445247650146484,1.0
train,2283,56.471182635098295,2.3395454303449736,0.3356615869806138,0.009581341260075227,7.938743591308594,45.3104362487793,1.0
train,2284,56.412645279248906,2.266197989024481,0.33520537682431023,0.009572508550751467,8.079912185668945,46.136356353759766,1.0
train,2285,56.46484674257627,2.2907749654781764,0.33503543436418204,0.00957184300341119,8.255084037780762,47.157230377197266,1.0
train,2286,56.484589622433354,2.2938199983688228,0.33482934440224765,0.00957014003488662,8.073996543884277,46.1429443359375,1.0
train,2287,56.47736785475518,2.269585878474783,0.334890563802932,0.009576075529955076,8.109248161315918,46.36469268798828,1.0
train,2288,56.48237512437058,2.251566206104713,0.33542315863097405,0.009595497258198485,8.389246940612793,47.98655319213867,1.0
train,2289,56.552775106977904,2.2833620665320273,0.3348968323010732,0.009584626358976046,7.810020446777344,44.69289779663086,1.0
train,2290,56.57010317040676,2.27809251379801,0.3352293767555703,0.009598333609304793,7.84320068359375,44.902381896972656,1.0
train,2291,56.58275378409036,2.2835994291951094,0.33558255239934043,0.009612640145325672,8.5436429977417,48.933780670166016,1.0
train,2292,56.583134807163745,2.2589184690908857,0.33525817890634824,0.009607538892773375,8.34192180633545,47.79927062988281,1.0
train,2293,56.589658617842474,2.2622795984328907,0.33443907421236285,0.009588245769357514,7.930427551269531,45.46123504638672,1.0
train,2294,56.629429465111386,2.266206648512895,0.33496134716470816,0.00960740574175666,8.285237312316895,47.51589584350586,1.0
train,2295,56.62324339960505,2.2599566697289206,0.3343646596998598,0.009594470613119212,8.19127368927002,46.997493743896484,1.0
train,2296,56.67000670141673,2.251559472808112,0.33434355533738036,0.009598043907732372,8.131657600402832,46.67577362060547,1.0
train,2297,56.70520261701018,2.2724693848281565,0.33432832376624566,0.009601785339176378,8.283382415771484,47.5673828125,1.0
train,2298,56.707469627528326,2.260547002854471,0.33486822765474566,0.00962147661267518,7.85773229598999,45.142730712890625,1.0
train,2299,56.772915596932314,2.291343697339591,0.3356699233433723,0.009648706489871388,7.9802165031433105,45.86634826660156,1.0
train,2300,56.780778021590855,2.2751101184318756,0.33469744143885566,0.009624936160637353,8.329028129577637,47.89197540283203,1.0
test,2300,55.81440618684921,1.6461409392076893,0.3428703658384969,0.009859965969213385,8.307106971740723,47.765926361083984,1.0
train,2301,56.79469680367396,2.276169331310173,0.3344683551195119,0.009622528733069744,8.220915794372559,47.290870666503906,1.0
train,2302,56.775067943205904,2.2490349444023994,0.3342677869074431,0.009620936390573926,8.07983112335205,46.499488830566406,1.0
train,2303,56.82612920985133,2.253367742600565,0.33452569422074563,0.009632540663479686,8.189183235168457,47.14928436279297,1.0
train,2304,56.82161730233453,2.247869168451493,0.3347943358660355,0.00964446060861319,7.970693111419678,45.911251068115234,1.0
train,2305,56.84970144696869,2.2468923491259174,0.33435815601090657,0.009636074582187348,8.526596069335938,49.13457107543945,1.0
train,2306,56.963076696524986,2.2967017683579813,0.33373864177727586,0.009622391734012827,7.927717685699463,45.70335006713867,1.0
train,2307,56.91212666047784,2.2567596268051933,0.3351493867552416,0.009667255447377777,7.950889587402344,45.856815338134766,1.0
train,2308,56.900178375411635,2.243129580874954,0.3344511554828285,0.009651295455650863,8.252100944519043,47.614681243896484,1.0
train,2309,56.93523126428397,2.2527496639381517,0.3340498306268831,0.009643889583451035,7.948342800140381,45.88186264038086,1.0
train,2310,57.00807265314129,2.2841699448776387,0.3346390896911286,0.009665083835356768,8.401330947875977,48.51774215698242,1.0
train,2311,56.987330767858,2.2282105301746378,0.3342401767623237,0.009657739971678628,7.964688301086426,46.016048431396484,1.0
train,2312,57.0446525710518,2.2751989940387882,0.3341739757829562,0.009660003877095253,7.819955348968506,45.199398040771484,1.0
train,2313,57.05540812883541,2.265469235288674,0.3343309848421099,0.009668721274636,7.9243364334106445,45.822532653808594,1.0
train,2314,57.00562109669791,2.2158747734798427,0.33418788344616684,0.009668759769061971,8.357874870300293,48.35036087036133,1.0
train,2315,57.11274403789477,2.2816286083546653,0.33377254833635983,0.009660914988655029,8.14197826385498,47.12175369262695,1.0
train,2316,57.06597967946917,2.22195217943523,0.3341488627082386,0.009675983703073052,8.063464164733887,46.6875114440918,1.0
train,2317,57.14674042172367,2.272668762430358,0.33354804230573804,0.009662754617185468,7.618832588195801,44.13214111328125,1.0
train,2318,57.15720523201935,2.275390412839742,0.3332422621469117,0.009658061398873666,7.82940149307251,45.37144088745117,1.0
train,2319,57.1503279693302,2.2380910734531865,0.3342249898565064,0.009690720308674699,8.225717544555664,47.688655853271484,1.0
train,2320,57.15680601899545,2.2315208834254867,0.33426967960026865,0.009696194023132952,8.230668067932129,47.73793029785156,1.0
test,2320,56.22197382389485,1.641946081228136,0.340280025210746,0.00987053671929063,8.343710899353027,48.39358139038086,1.0
train,2321,57.19708727917914,2.2270093485849314,0.3339644968400628,0.009691515695044266,8.533598899841309,49.516265869140625,1.0
train,2322,57.18979254372601,2.2197424549782534,0.3337762653282436,0.00969022507819544,7.922295570373535,45.988983154296875,1.0
train,2323,57.262480222476604,2.2439437374892446,0.3340917811304756,0.009703560893378033,8.055304527282715,46.7812385559082,1.0
train,2324,57.274146045471255,2.2529319933470116,0.3345154030524546,0.009720045845458464,8.037965774536133,46.70063400268555,1.0
train,2325,57.323114982071786,2.283061279118214,0.33378287090995223,0.009702932458061003,8.016886711120605,46.598209381103516,1.0
train,2326,57.31994476904592,2.254610253566794,0.3338379620895079,0.009708706493498562,8.312531471252441,48.33742904663086,1.0
train,2327,57.31495354684159,2.224424340547854,0.3331428190050568,0.009692654146824861,8.617314338684082,50.13128662109375,1.0
train,2328,57.36528394652338,2.2465366345380104,0.3341446962715984,0.009725979747400079,7.910119533538818,46.03695297241211,1.0
train,2329,57.36986975001626,2.2442587089329207,0.3333105093561334,0.00970586495850363,8.082793235778809,47.06211471557617,1.0
train,2330,57.36528341472694,2.2171246542234453,0.33378718878993435,0.009723917590207388,8.583108901977539,49.996665954589844,1.0
train,2331,57.388338017106015,2.2050911058578744,0.33295189850155005,0.009703745322979672,8.50898551940918,49.58617401123047,1.0
train,2332,57.451049931704496,2.2521880199042945,0.33428558324485136,0.009746793164944707,8.284156799316406,48.296695709228516,1.0
train,2333,57.468787846877554,2.2557311799558493,0.3332408384399191,0.00972049654579344,8.436248779296875,49.2044792175293,1.0
train,2334,57.43805984625483,2.229233971716849,0.3328554235096166,0.009713414429430071,8.524152755737305,49.73849105834961,1.0
train,2335,57.49292677102227,2.230102128699896,0.33322800134853525,0.009728451960144923,8.007142066955566,46.74174880981445,1.0
train,2336,57.49655180678802,2.2062966813981815,0.3340140934876806,0.009755576349622168,8.33250617980957,48.661895751953125,1.0
train,2337,57.54705672921866,2.246154919152202,0.3336569712443793,0.009749316146761628,8.158047676086426,47.663448333740234,1.0
train,2338,57.57400235351607,2.2442905441379093,0.33385930024700816,0.00975940093891631,7.8904547691345215,46.1197624206543,1.0
train,2339,57.58623051704438,2.2592785441304057,0.333417985974063,0.009750667713939917,8.098113059997559,47.3537712097168,1.0
train,2340,57.598143618402574,2.2240037775022223,0.3330178838311819,0.009743129203590177,8.059195518493652,47.14634323120117,1.0
test,2340,56.66020611458948,1.5937519202573396,0.340856448505486,0.009972462678158643,8.338645935058594,48.7811393737793,1.0
train,2341,57.63882823431837,2.2328428065345003,0.33325399935485417,0.009754202511599357,8.01789379119873,46.92477798461914,1.0
train,2342,57.641493681800526,2.2207827493030425,0.33313194718763933,0.009754793829614628,8.244209289550781,48.2699089050293,1.0
train,2343,57.67499496454378,2.239121879189607,0.3332465318720985,0.009762314271742586,8.09326171875,47.406341552734375,1.0
train,2344,57.688275780731885,2.22887807567609,0.3332350682392253,0.009766143471341752,8.23224925994873,48.24103927612305,1.0
train,2345,57.69902342856694,2.2187105912321265,0.33273567858520464,0.009755666603856811,8.090638160705566,47.43142318725586,1.0
train,2346,57.709917888508755,2.21353352920415,0.33281703366929694,0.009762211696737591,7.752571105957031,45.4688835144043,1.0
train,2347,57.73000152007241,2.2304221724486815,0.3328389308411605,0.009767014056647602,8.111037254333496,47.5915641784668,1.0
train,2348,57.733727285899484,2.194414766202076,0.3324514312967467,0.009759798277921629,8.206254959106445,48.170772552490234,1.0
train,2349,57.84617924890892,2.2702255388602555,0.33265470455210155,0.009769923552080362,8.226521492004395,48.310302734375,1.0
train,2350,57.80079146719136,2.2153047742400465,0.33370739978353403,0.009805011677152285,8.413841247558594,49.43137741088867,1.0
train,2351,57.87030559697519,2.233674664572399,0.33278502329251636,0.00978206975025455,8.178486824035645,48.06911849975586,1.0
train,2352,57.84994532378916,2.2238484734019823,0.3325346706989175,0.00977886701332331,8.32739543914795,48.965145111083984,1.0
train,2353,57.8930141506202,2.238009467126684,0.332852742892676,0.009792380824629727,8.229472160339355,48.40992736816406,1.0
train,2354,57.927464395488876,2.247051469319215,0.3327650523124664,0.00979396015365102,8.19495677947998,48.22737503051758,1.0
train,2355,57.91043187129903,2.217687160856245,0.3327305930200794,0.009797104662275586,8.346240997314453,49.1385498046875,1.0
train,2356,57.950889961474374,2.2351699533193834,0.33260700338889165,0.009797622792211767,8.359527587890625,49.23767852783203,1.0
train,2357,57.902905322848504,2.200115568158917,0.3326608767406521,0.009803367587630772,8.241552352905273,48.563411712646484,1.0
train,2358,57.99534438042862,2.2237163841004692,0.3321940990494059,0.009793763868364785,7.954463481903076,46.8916130065918,1.0
train,2359,57.99295062509335,2.2261551885957296,0.33275437520791706,0.00981444097323164,8.447176933288574,49.81728744506836,1.0
train,2360,58.02210205725772,2.218441368239815,0.33180617797605905,0.009790621483848473,7.934032440185547,46.810848236083984,1.0
test,2360,57.10105725601166,1.5985565380921896,0.33945948082850796,0.010016447873780828,8.4950532913208,50.12087631225586,1.0
train,2361,58.0324823370444,2.201167101394201,0.33297187855424265,0.009829179601361046,8.17603588104248,48.259117126464844,1.0
train,2362,58.06264612258593,2.228841793480436,0.3330367598130596,0.009835257410045367,8.081585884094238,47.72182083129883,1.0
train,2363,58.11228703353329,2.246628354767326,0.33167875620021603,0.009799298352699756,7.967387676239014,47.06740188598633,1.0
train,2364,58.10678510111067,2.234834229252603,0.33232536622992026,0.009822555804299235,7.918693542480469,46.799530029296875,1.0
train,2365,58.08018429166792,2.1849176020924093,0.3317513568820946,0.009809736261446962,8.20862102508545,48.53353500366211,1.0
train,2366,58.1727801035753,2.2273879541480146,0.331734142589604,0.009813373504786727,8.348934173583984,49.384010314941406,1.0
train,2367,58.16932323133383,2.2073895440099878,0.33166810770938565,0.009815565494914857,8.092757225036621,47.88895034790039,1.0
train,2368,58.18342330994032,2.203916645294312,0.3328245472131611,0.00985394968232195,8.37474536895752,49.57855224609375,1.0
train,2369,58.216444232548454,2.194943223905092,0.33281773714804624,0.009857907862143871,8.139883995056152,48.20851135253906,1.0
train,2370,58.251911389448246,2.2238001957770193,0.33137511020608756,0.00981931969219342,8.114596366882324,48.07904052734375,1.0
train,2371,58.25804391380112,2.2154045565591556,0.332193914107076,0.009847734528776601,8.08957576751709,47.951011657714844,1.0
train,2372,58.262547514964666,2.2098495003246277,0.3322281144802011,0.009852900819123333,8.106979370117188,48.07444381713867,1.0
train,2373,58.28766695867735,2.2102429571057516,0.3317404159730143,0.009842583467950387,8.285977363586426,49.15662384033203,1.0
train,2374,58.32626191748833,2.217125368868524,0.3318168264668894,0.009848997827237072,8.113496780395508,48.153663635253906,1.0
train,2375,58.37480409512623,2.217527496304392,0.332685238181825,0.009878932201603897,8.38196086883545,49.7679557800293,1.0
train,2376,58.361162313383836,2.209012095412622,0.33185227258363315,0.009858345417210168,7.728523254394531,45.90748596191406,1.0
train,2377,58.362748183394544,2.1878777038819877,0.33271363276158156,0.009888092374374765,8.303276062011719,49.342281341552734,1.0
train,2378,58.43772372299178,2.2217399047226247,0.3317055512032926,0.009862278570278953,7.891641139984131,46.915863037109375,1.0
train,2379,58.43392423426673,2.1998420824203744,0.33153524862904277,0.00986135890564684,8.564543724060059,50.937679290771484,1.0
train,2380,58.41757115609385,2.1773714022980126,0.3316006030610661,0.00986744743530322,7.864058017730713,46.791194915771484,1.0
test,2380,57.52947396780251,1.649088668195251,0.33905534759962475,0.010089278454905724,8.023648262023926,47.740760803222656,1.0
train,2381,58.467869414892384,2.2101368741853045,0.331553506973328,0.00987019000023828,7.95416259765625,47.34720993041992,1.0
train,2382,58.45981308134144,2.183291617043499,0.3317037143421138,0.009878807483870407,8.214859008789062,48.9195442199707,1.0
train,2383,58.484881850855714,2.178088610049268,0.3316207352549961,0.009880481043495606,7.946092128753662,47.33890151977539,1.0
train,2384,58.51943008026447,2.1836257247841058,0.331625154329838,0.009884757607612569,7.8737077713012695,46.9273567199707,1.0
train,2385,58.589941212514184,2.2128745566520593,0.3322756963032661,0.009908301356084549,8.470915794372559,50.50789260864258,1.0
train,2386,58.61716639703331,2.223423265163339,0.33167863406848874,0.009894642815907254,8.207850456237793,48.95988464355469,1.0
train,2387,58.58825245873639,2.188881090696679,0.3315420914952501,0.00989471333718898,8.360340118408203,49.890384674072266,1.0
train,2388,58.58789220782719,2.1813674882092493,0.3318861254047571,0.009909129024501716,8.262626647949219,49.327938079833984,1.0
train,2389,58.652998470972186,2.216301941409287,0.3320444793087024,0.009918007140322876,7.659460544586182,45.74618148803711,1.0
train,2390,58.65039296015863,2.199371156437773,0.33113068344389784,0.009894851221804099,8.328600883483887,49.76344299316406,1.0
train,2391,58.67515700194062,2.193841009492452,0.3315240725291504,0.009910750115868503,8.235218048095703,49.22607421875,1.0
train,2392,58.71168881251268,2.2135659003929478,0.33141759739138466,0.009911709399360116,8.085771560668945,48.352970123291016,1.0
train,2393,58.71244237224915,2.178507819177465,0.3317280213474311,0.009925139437324653,7.823031902313232,46.80134201049805,1.0
train,2394,58.74697156725373,2.205439526041131,0.33111330514594484,0.00991088593297821,7.890568733215332,47.22510528564453,1.0
train,2395,58.76147009119899,2.196552046305785,0.3314755827439298,0.009925872659197999,8.314669609069824,49.78414535522461,1.0
train,2396,58.760597490016856,2.1868538240613495,0.3304509108118029,0.009899319587443733,8.473204612731934,50.754554748535156,1.0
train,2397,58.77638639358649,2.156282108780058,0.33052618862114413,0.009905705849354587,8.259990692138672,49.49805450439453,1.0
train,2398,58.814202267827895,2.1998108418224236,0.3312865326005899,0.009932633648647217,8.241006851196289,49.4048957824707,1.0
train,2399,58.85309121375811,2.1947414371673326,0.33083929598571354,0.009923359676992606,8.062801361083984,48.35670852661133,1.0
train,2400,58.87323525935095,2.195544240416252,0.331033908356863,0.00993333448806439,8.644214630126953,51.865352630615234,1.0
test,2400,58.008994386295136,1.630131508154038,0.3408335449709979,0.010227392183944733,7.907672882080078,47.44609832763672,1.0
train,2401,58.87788965620926,2.17692086324123,0.3305369752953003,0.009922554316706049,8.128066062927246,48.78876876831055,1.0
train,2402,58.88277564971734,2.1681977630403075,0.3309542687001178,0.009939217770216264,8.064629554748535,48.42815399169922,1.0
train,2403,58.943911516487574,2.2018447189247308,0.3306024916390992,0.009932785320291574,7.769894599914551,46.67769241333008,1.0
train,2404,58.90214489023632,2.1513539274838918,0.33077011987746874,0.009941955839306479,8.064742088317871,48.469154357910156,1.0
train,2405,59.01473347886857,2.2271787753002226,0.33155173711012537,0.00996959288683456,8.197961807250977,49.29029846191406,1.0
train,2406,58.97864211159576,2.173360540541458,0.3307716161656022,0.009950269276706523,8.337653160095215,50.151039123535156,1.0
train,2407,59.01837327652173,2.1851184787743265,0.33073547634064737,0.009953315898798195,8.289222717285156,49.88045883178711,1.0
train,2408,59.03234062376277,2.1658595532146165,0.33145447558986807,0.009979096582039403,8.329919815063477,50.146175384521484,1.0
train,2409,59.073252117158376,2.192278362655221,0.3305598648746852,0.009956294131294601,7.671830177307129,46.203651428222656,1.0
train,2410,59.064416916781276,2.180090372788352,0.33025315721262694,0.009951184004966411,7.910672187805176,47.6618537902832,1.0
train,2411,59.08373591300554,2.1614742481442453,0.33081576364449516,0.009972271238464735,8.062413215637207,48.59625244140625,1.0
train,2412,59.1640371789524,2.2004041870653173,0.33111969438002214,0.009985571656622914,7.9705705642700195,48.06259536743164,1.0
train,2413,59.10119169411797,2.1599526431505556,0.33111511688288253,0.009989572138177477,8.017891883850098,48.36798858642578,1.0
train,2414,59.14885776015895,2.174831520189438,0.330233458411855,0.009967100462701085,8.07629680633545,48.740509033203125,1.0
train,2415,59.15534459493381,2.1781435428065254,0.3300578106553224,0.009965924375248182,8.025208473205566,48.4522590637207,1.0
train,2416,59.212628872282025,2.171152217458815,0.3309085286235007,0.009995747305959512,8.383915901184082,50.638912200927734,1.0
train,2417,59.20223220451123,2.1621307529375486,0.32992937623298607,0.009970293774073479,8.071012496948242,48.76914978027344,1.0
train,2418,59.24737158983651,2.168573691475928,0.3310367439066234,0.010007895393458302,8.137353897094727,49.19035720825195,1.0
train,2419,59.322496830828236,2.21122232235442,0.33038142623370964,0.00999221319916656,8.650056838989258,52.31128692626953,1.0
train,2420,59.2567879194922,2.1476080538892415,0.33070303326860434,0.01000607341003233,8.364307403564453,50.604122161865234,1.0
test,2420,58.35888559534364,1.5866508197801867,0.33582359357226454,0.01016100607512617,8.445047378540039,51.09259796142578,1.0
train,2421,59.31480480854301,2.1812425369837762,0.33051193061435,0.01000442220779289,8.162385940551758,49.402896881103516,1.0
train,2422,59.30993741674385,2.146643137870758,0.3304405519476401,0.01000639170696326,8.323256492614746,50.397377014160156,1.0
train,2423,59.404950586815175,2.201436556087847,0.3310629184805252,0.010029376065849365,8.409200668334961,50.93878936767578,1.0
train,2424,59.35195162843271,2.1550713799787538,0.32953952687413884,0.00998734455478872,8.239441871643066,49.93107604980469,1.0
train,2425,59.39570570777198,2.157944644016527,0.3303317158291116,0.01001548213521463,7.959470272064209,48.25434494018555,1.0
train,2426,59.40088938305852,2.161245838085723,0.33031888711247476,0.010019221748531754,8.18468189239502,49.64014434814453,1.0
train,2427,59.44710989657924,2.167699247849454,0.33046358040824636,0.010027740962552194,8.439143180847168,51.204566955566406,1.0
train,2428,59.49641803974552,2.188661368042394,0.3304719656236958,0.010032125893919738,7.9767961502075195,48.41920852661133,1.0
train,2429,59.47071471285829,2.1575342311642784,0.33015869564945516,0.010026742539273412,8.06974983215332,49.00361251831055,1.0
train,2430,59.49627486646634,2.1513879792052575,0.33006970977504047,0.010028165544771163,8.136034965515137,49.42647171020508,1.0
train,2431,59.522059526105004,2.1805440523752657,0.33039650426781575,0.010042223746103585,8.222553253173828,49.972625732421875,1.0
train,2432,59.534202207194724,2.1534171580744887,0.3302628802939121,0.010042290190581775,8.182640075683594,49.75050735473633,1.0
train,2433,59.59257137997875,2.180263548598724,0.32992263805111643,0.010036068078887118,8.193852424621582,49.83916473388672,1.0
train,2434,59.604823662778465,2.170368207142199,0.33002791629795447,0.010043395522592908,7.731320381164551,47.04513931274414,1.0
train,2435,59.57574086864484,2.1496277246290276,0.3295758376835119,0.01003375717141278,8.395782470703125,51.10938262939453,1.0
train,2436,59.626350740613496,2.1526089921958973,0.32964452107747394,0.010039968344453178,8.19618034362793,49.914794921875,1.0
train,2437,59.66132738718479,2.164314976289863,0.3298229345942085,0.01004952465130751,8.087054252624512,49.27043914794922,1.0
train,2438,59.70318990289358,2.2107093495586354,0.3291676539097607,0.010033672791013765,8.181235313415527,49.86468505859375,1.0
train,2439,59.6825772776431,2.1576715574742584,0.3299742809285884,0.010062384623530644,8.186312675476074,49.91610336303711,1.0
train,2440,59.688607875741624,2.1411398208232924,0.32903614176789614,0.01003788912510612,7.595801830291748,46.33443832397461,1.0
test,2440,58.863935795392024,1.6262828212170752,0.33738701518414466,0.010292648802871942,8.373477935791016,51.078277587890625,1.0
train,2441,59.71958088237987,2.1552264412113304,0.3297666234931709,0.010064295565160376,7.9829325675964355,48.71590042114258,1.0
train,2442,59.728608646106686,2.1390550029264714,0.32954196601920716,0.010061558005545219,8.126982688903809,49.615291595458984,1.0
train,2443,59.80715379599813,2.173924476464415,0.3297000079638261,0.010070504171875659,8.297545433044434,50.67730712890625,1.0
train,2444,59.80203623096453,2.162163542863697,0.32964570819786343,0.010072965774888162,8.17431926727295,49.94514846801758,1.0
train,2445,59.80133220785667,2.158344183655567,0.3295522523022291,0.010074229039438802,8.213025093078613,50.20216751098633,1.0
train,2446,59.80838643174184,2.125030584576101,0.32960652694395076,0.010080007854624604,7.861313819885254,48.07198715209961,1.0
train,2447,59.837107044587064,2.142729054690716,0.3294711568352943,0.010079985951366948,8.177973747253418,50.02881622314453,1.0
train,2448,59.85449697925108,2.1370072991168416,0.32892823524628634,0.010067486760488973,8.264908790588379,50.581298828125,1.0
train,2449,59.84685432470373,2.128335505407719,0.3292434704944933,0.01008125027864357,8.331255912780762,51.00817108154297,1.0
train,2450,59.90854026300323,2.140360773940074,0.32882584349558636,0.010072572686341583,7.8437700271606445,48.04314422607422,1.0
train,2451,59.976174506345515,2.169601822876468,0.3293357720708306,0.0100923090720691,7.8935699462890625,48.36790084838867,1.0
train,2452,59.96986263818109,2.15264157275337,0.3287724293591206,0.010079154996654653,7.893560886383057,48.38758087158203,1.0
train,2453,59.95180797053482,2.1330616124331447,0.3290545320144469,0.010091916169754335,7.868951320648193,48.25639724731445,1.0
train,2454,59.970620217796125,2.121333968451814,0.329383159878923,0.010106111878041826,7.944977760314941,48.74249267578125,1.0
train,2455,60.02572016710769,2.129991276640182,0.32958820509116726,0.010116522501981735,8.31798267364502,51.05167770385742,1.0
train,2456,60.000420821267,2.1297232205292875,0.32811255861541266,0.010075329369524376,7.850810527801514,48.204036712646484,1.0
train,2457,60.073413573906095,2.138530567893605,0.3299386624316353,0.010135527232438922,8.34046459197998,51.23136520385742,1.0
train,2458,60.07281482834716,2.1416594152523842,0.3288464104784656,0.010106084045459447,8.05317497253418,49.48681640625,1.0
train,2459,60.14508761794324,2.152455075512079,0.3297085802152922,0.010136701128421261,8.495757102966309,52.22772979736328,1.0
train,2460,60.140466764738306,2.1594937656373276,0.32879876863638036,0.010112839067041503,7.92147159576416,48.717098236083984,1.0
test,2460,59.21726734153702,1.5277759976942622,0.3385280918242052,0.010412083130630191,8.129785537719727,49.99824142456055,1.0
train,2461,60.138995137443224,2.1407590796997202,0.32911039018125005,0.010126537056014724,8.258919715881348,50.81306076049805,1.0
train,2462,60.1721841984514,2.1395022925814122,0.3294067431665191,0.010139772839129197,8.319539070129395,51.206817626953125,1.0
train,2463,60.180608786378116,2.127891515403103,0.3288868311949366,0.01012787962339452,8.304793357849121,51.13682174682617,1.0
train,2464,60.19142794478214,2.1146035192652235,0.32883921726867477,0.010130523459258682,8.18053150177002,50.392127990722656,1.0
train,2465,60.22476453114638,2.1211440375642465,0.328637057854673,0.010128403102791146,8.51037883758545,52.44527816772461,1.0
train,2466,60.24006337104069,2.1148423726332743,0.3284122824363555,0.010125580398064413,8.217381477355957,50.66021728515625,1.0
train,2467,60.28770480415911,2.1462402064591766,0.3284558192566119,0.010131028008885705,7.949954509735107,49.031394958496094,1.0
train,2468,60.26182206925393,2.1292868766686963,0.3289418421165,0.010150130462132262,8.096590042114258,49.95602035522461,1.0
train,2469,60.35886489695086,2.1653928927698285,0.32862902717018055,0.010144585409976297,8.245285034179688,50.894081115722656,1.0
train,2470,60.325699470874554,2.1223314203624537,0.3284124548165649,0.010142004693555362,7.873809337615967,48.62082290649414,1.0
train,2471,60.37770144493642,2.1539333998131918,0.32948654124556204,0.010179292706580483,8.341116905212402,51.52730941772461,1.0
train,2472,60.406553368231684,2.1375026570280697,0.3285130829851225,0.010153324289643714,8.032429695129395,49.640472412109375,1.0
train,2473,60.445867417716215,2.1435485404356904,0.328851460450916,0.010167892723716333,7.984086513519287,49.36166763305664,1.0
train,2474,60.40253159557556,2.1224224287382727,0.328092321737145,0.010148521347433607,8.04802417755127,49.77708435058594,1.0
train,2475,60.42374723890174,2.116938856552688,0.3286537382570414,0.010169994792207059,7.898491859436035,48.87196731567383,1.0
train,2476,60.46000308620594,2.1249546702859865,0.3285950026667428,0.010172284281029103,8.121220588684082,50.27040481567383,1.0
train,2477,60.45348557612855,2.104301218143802,0.32802281901376656,0.010158671121250514,8.212224006652832,50.854251861572266,1.0
train,2478,60.46816020564984,2.0906950932826223,0.3287254323725556,0.01018453929503686,8.072676658630371,50.010284423828125,1.0
train,2479,60.49750244386284,2.1004000962805582,0.32830523990947946,0.010175624338231921,7.854268550872803,48.6768913269043,1.0
train,2480,60.55107198911318,2.127507898949722,0.32866947998984847,0.010191021699097233,8.134943962097168,50.43671417236328,1.0
test,2480,59.49817244671197,1.4706430611367065,0.3353269893464123,0.010397450425965273,8.23692798614502,51.06901168823242,1.0
train,2481,60.52651175238299,2.0955543308697733,0.32760965575501894,0.010162254546215168,7.564363956451416,46.918025970458984,1.0
train,2482,60.6129337691842,2.1242639044026426,0.3285045756379458,0.010194120319477732,7.8885416984558105,48.948455810546875,1.0
train,2483,60.63081724862672,2.1322797683844232,0.32837335870591355,0.010194152665609768,7.994271755218506,49.62449264526367,1.0
train,2484,60.63792733207448,2.123465174072355,0.3285119572795445,0.0102025613634753,8.04908275604248,49.984859466552734,1.0
train,2485,60.639087203828744,2.1038960702158445,0.32791400522789677,0.010188089344565084,8.043697357177734,49.97152328491211,1.0
train,2486,60.66982110166916,2.1170222578666342,0.3287841895976173,0.01021923483677276,8.325060844421387,51.74030685424805,1.0
train,2487,60.648365586047376,2.081132996967761,0.3277841638480618,0.01019224903624574,7.8896803855896,49.05414962768555,1.0
train,2488,60.71520479371859,2.1086306915674027,0.32824038517069476,0.010210537555062434,7.9871506690979,49.68013000488281,1.0
train,2489,60.73408962491228,2.1021096222225317,0.3281737124139121,0.010212565334139232,7.919708251953125,49.28043746948242,1.0
train,2490,60.76591790398529,2.1057627538687314,0.3274272244534037,0.010193427516120615,8.131648063659668,50.61957550048828,1.0
train,2491,60.79198824718153,2.1193679491329926,0.3277656179707957,0.010208059005552403,8.327686309814453,51.8607292175293,1.0
train,2492,60.789647551451765,2.0991870783817363,0.32781323329284867,0.01021363921118346,8.12989330291748,50.6492919921875,1.0
train,2493,60.82147369915166,2.1230324732267154,0.32766364077007293,0.01021307376008455,7.840218544006348,48.86421585083008,1.0
train,2494,60.847696186376936,2.1061508089380303,0.3277761003624769,0.010220675847810964,8.179278373718262,50.997859954833984,1.0
train,2495,60.867897668776386,2.112066922849061,0.3271320711506447,0.010204682546575337,8.164762496948242,50.92776107788086,1.0
train,2496,60.87827309958454,2.1152049182231636,0.32875952526976066,0.010259559053950389,7.7777862548828125,48.533443450927734,1.0
train,2497,60.89464025291557,2.1074611218560975,0.32704818270558017,0.010210241085384708,8.295374870300293,51.78394317626953,1.0
train,2498,60.95935825999735,2.1179240059599613,0.328118341378227,0.010247751843427967,8.343985557556152,52.108245849609375,1.0
train,2499,60.91861615702646,2.0875628597344664,0.3278361800996715,0.010243036959396901,8.212946891784668,51.31045150756836,1.0
train,2500,60.96217630514067,2.100820667700937,0.32717319185638705,0.010226411561206109,8.083775520324707,50.52364730834961,1.0
test,2500,60.02355662642961,1.5151122577974951,0.33182381755018747,0.010371775587189018,8.023050308227539,50.14411926269531,1.0
train,2501,61.020617111323304,2.137845379591773,0.3266760145313697,0.010214954393541833,7.873101711273193,49.22662353515625,1.0
train,2502,61.01033258141505,2.1099920234442893,0.3273663051478208,0.010240631018430226,7.972514629364014,49.86812973022461,1.0
train,2503,61.02205734867078,2.098573044722132,0.32695139366063364,0.010231738293920767,7.8926544189453125,49.388343811035156,1.0
train,2504,61.021310255634795,2.0761269081916907,0.32708230700808655,0.010239923264802258,8.20168399810791,51.34259796142578,1.0
train,2505,61.06489516787594,2.0745966995412335,0.32713001235867,0.010245505486253245,8.131902694702148,50.92609786987305,1.0
train,2506,61.07750520870182,2.0923820827803765,0.32738928545363166,0.010257717712752867,8.019139289855957,50.239967346191406,1.0
train,2507,61.106447653241794,2.1026794204684,0.3268999406107607,0.010246471465606935,8.333940505981445,52.2330322265625,1.0
train,2508,61.10049131960822,2.1019687450198172,0.3265237002158139,0.010238759586967747,8.52598762512207,53.4579963684082,1.0
train,2509,61.16729195738205,2.1030107003360974,0.3281494528654945,0.010293839551301179,8.128240585327148,50.98444366455078,1.0
train,2510,61.176828417200504,2.094799908534363,0.32729330178018984,0.010271073393636924,8.311052322387695,52.15190505981445,1.0
train,2511,61.1906223150561,2.0868914506830576,0.32625980844787306,0.010242718287768333,7.783708095550537,48.86228561401367,1.0
train,2512,61.21458139150866,2.1019566183861387,0.3272790681997412,0.010278807875879726,7.963208198547363,50.009002685546875,1.0
train,2513,61.26280557441921,2.1143761532584957,0.32676245587848285,0.010266666827277102,8.207001686096191,51.560546875,1.0
train,2514,61.26896007550404,2.0975914992476574,0.3268077793114359,0.010272175549208503,7.901723384857178,49.662384033203125,1.0
train,2515,61.28256271367888,2.0956454760331265,0.325960494989534,0.01024961792787725,8.086847305297852,50.84611129760742,1.0
train,2516,61.299456291045196,2.0926367337128813,0.32715285238746844,0.010291199840389,8.408169746398926,52.8874397277832,1.0
train,2517,61.3138474674832,2.090905176603092,0.326628822134041,0.010278797948681967,8.222984313964844,51.74318313598633,1.0
train,2518,61.314254462042875,2.06852181717628,0.32665827262981706,0.010283807556836689,8.57658576965332,53.989662170410156,1.0
train,2519,61.31715391391457,2.061094058637343,0.3267448675139588,0.010290617626619335,7.906424045562744,49.79075622558594,1.0
train,2520,61.367778124845906,2.0791522157615328,0.32703333846649496,0.010303790340063087,8.067768096923828,50.82699203491211,1.0
test,2520,60.44416689763715,1.457567833537089,0.3336538479143683,0.010512381738160817,8.315983772277832,52.39075469970703,1.0
train,2521,61.41610276703428,2.1070294511043413,0.3267390107742125,0.010298600830822416,8.188346862792969,51.60711669921875,1.0
train,2522,61.41279145347911,2.0792245344935956,0.3266432727600165,0.010299665863569746,7.849887371063232,49.493595123291016,1.0
train,2523,61.47590685501406,2.1129466900230542,0.3265326165298032,0.010300257917734588,7.841795444488525,49.462181091308594,1.0
train,2524,61.42980077543234,2.072334261634958,0.3270859884072955,0.010321801837840823,8.253920555114746,52.08229446411133,1.0
train,2525,61.48553357366848,2.0712164785676155,0.3257600824081806,0.010284032021572184,8.04117488861084,50.759971618652344,1.0
train,2526,61.50548827460604,2.065839435955652,0.32672009919966005,0.010318422714508042,8.129908561706543,51.340431213378906,1.0
train,2527,61.50723430746604,2.080746156236779,0.3265220594632944,0.010316249372336116,7.984073162078857,50.43943405151367,1.0
train,2528,61.52098529032635,2.062031575275174,0.3264963385215226,0.010319517532235603,8.111862182617188,51.26702880859375,1.0
train,2529,61.51678157070815,2.057186731086561,0.3256084715713741,0.010295524562485024,8.057841300964355,50.94575881958008,1.0
train,2530,61.58007560140957,2.076508955775797,0.3265296825767654,0.010328733858194827,7.940603733062744,50.2243766784668,1.0
train,2531,61.61688848524097,2.0760637346833692,0.32552057232038467,0.0103008824467987,8.009321212768555,50.67903518676758,1.0
train,2532,61.668939909392385,2.1060571234347485,0.3269184097195125,0.010349202154953007,8.046606063842773,50.9350700378418,1.0
train,2533,61.690802831332235,2.102375311071603,0.3263711381473255,0.010335956500355011,8.33194637298584,52.7620964050293,1.0
train,2534,61.67886307734166,2.0688978349425353,0.3270254634127179,0.010360765955076609,8.296549797058105,52.55869674682617,1.0
train,2535,61.72705250505209,2.1163702754367195,0.3255000437217626,0.010316506207607028,7.822917461395264,49.577789306640625,1.0
train,2536,61.66686326664444,2.051913780996837,0.3264605609043762,0.010351029506299705,8.145678520202637,51.64365768432617,1.0
train,2537,61.75739467828822,2.0879059172880505,0.32562145801241305,0.010328494074750052,7.716963291168213,48.94489288330078,1.0
train,2538,61.74224167623844,2.0603672310933496,0.3271069371390596,0.010379700903349982,8.42982006072998,53.48727035522461,1.0
train,2539,61.717428632415874,2.032610807059407,0.32574126923690555,0.01034043712374542,8.2920560836792,52.633888244628906,1.0
train,2540,61.78531356962269,2.072408361396552,0.32602632189686814,0.010353560849872514,8.20267391204834,52.0870361328125,1.0
test,2540,60.889374437292034,1.5260663099691902,0.33018014425330394,0.01048547305952693,8.023191452026367,50.947322845458984,1.0
train,2541,61.800751314466794,2.0583249652861153,0.32682701401164405,0.01038307321838171,7.939550876617432,50.4360466003418,1.0
train,2542,61.80517926793634,2.0464493702324242,0.3256430913797456,0.010349530928582358,8.463616371154785,53.78634262084961,1.0
train,2543,61.88766554027436,2.089607674256376,0.3258296067663221,0.01035953119028962,7.961171627044678,50.61320495605469,1.0
train,2544,61.88386673827857,2.067241812467662,0.32524582059925133,0.010345035271552682,7.975468635559082,50.72403335571289,1.0
train,2545,61.938649039019,2.087340733527788,0.3265824574408756,0.010391631311469533,8.124881744384766,51.694618225097656,1.0
train,2546,61.946211942246315,2.081122056756576,0.32632295404037104,0.01038745271907398,8.403566360473633,53.4887580871582,1.0
train,2547,61.94252379159547,2.066689548150463,0.32553888021525645,0.010366563053245495,8.079605102539062,51.44694137573242,1.0
train,2548,61.93213153452477,2.043432113586046,0.32625099193295237,0.010393317493574557,8.018216133117676,51.07609176635742,1.0
train,2549,61.977122544457174,2.0490987465750634,0.3256401518435431,0.010377928168699518,8.062873840332031,51.380714416503906,1.0
train,2550,62.00560044178019,2.06591381487548,0.32502352131446816,0.010362338964637629,8.055861473083496,51.35616683959961,1.0
train,2551,62.03373284728981,2.0555634036240367,0.325608528798812,0.010385059763163904,8.380569458007812,53.447139739990234,1.0
train,2552,62.06002840278701,2.0704568387648146,0.32567852563226435,0.010391362838428791,7.936328411102295,50.633827209472656,1.0
train,2553,62.04551015910411,2.047887523663685,0.32570605482149595,0.010396312125591757,8.445853233337402,53.90571975708008,1.0
train,2554,62.06491264736875,2.0487513676520193,0.3262405067496888,0.010417449060233515,8.544617652893066,54.55744171142578,1.0
train,2555,62.078607413343924,2.0491225113155114,0.32493457033483264,0.010379809425988061,8.500513076782227,54.29708480834961,1.0
train,2556,62.151176996995275,2.065471103415575,0.32585939225197885,0.010413425055615001,8.367207527160645,53.46651840209961,1.0
train,2557,62.14328125480152,2.064067520939994,0.32514053118608394,0.010394516402924266,8.223273277282715,52.56732177734375,1.0
train,2558,62.1848365345413,2.06745794514706,0.326089462604097,0.010428928790335367,8.018057823181152,51.2755241394043,1.0
train,2559,62.20778291285627,2.07128055096545,0.3256778012166475,0.01041983368256304,8.172896385192871,52.286163330078125,1.0
train,2560,62.233882793785234,2.0700531480428372,0.3255117327749097,0.010418588928579981,8.380006790161133,53.63209915161133,1.0
test,2560,61.33852457018947,1.5085940000800255,0.3300281034127349,0.010563143500310727,7.990554332733154,51.13959884643555,1.0
train,2561,62.272231310311575,2.075055579846044,0.3252803831801849,0.010415249766560818,8.519857406616211,54.548439025878906,1.0
train,2562,62.23791151748138,2.044624186242582,0.3252124325765867,0.010417138784775631,8.078804016113281,51.744789123535156,1.0
train,2563,62.24354279368429,2.026416523134669,0.32542148161580003,0.010427902363010628,8.101420402526855,51.909912109375,1.0
train,2564,62.251448437620596,2.0408691506746965,0.32488932995145414,0.010414910647941127,8.426249504089355,54.0123176574707,1.0
train,2565,62.347114491802934,2.0661199118163704,0.3253731390865478,0.01043448677572611,8.10403823852539,51.967193603515625,1.0
train,2566,62.335496323910384,2.0373061815548676,0.3247536346234553,0.01041867871961051,7.739741802215576,49.65049362182617,1.0
train,2567,62.393959841011124,2.0669510077522912,0.32484849259131915,0.010425782133349264,7.979464054107666,51.2082633972168,1.0
train,2568,62.37584826137572,2.049283990395885,0.32493426605235776,0.01043259624394718,8.400298118591309,53.929969787597656,1.0
train,2569,62.468290340843716,2.080238875477383,0.3258703240884166,0.010466723034451937,8.09317684173584,51.97848129272461,1.0
train,2570,62.43650716397076,2.048916821945643,0.3251200214306426,0.010446687440604858,8.331931114196777,53.532711029052734,1.0
train,2571,62.46674177614359,2.0508144112066,0.3246664611838739,0.010436171664068959,8.2037353515625,52.72956466674805,1.0
train,2572,62.50133381385398,2.0733393429401286,0.3253871765583372,0.010463405478343492,7.745347023010254,49.80263900756836,1.0
train,2573,62.44730944586376,2.0122244032668926,0.3249295175707999,0.010452749849485674,7.866344451904297,50.60031509399414,1.0
train,2574,62.51715382123403,2.0573378003563936,0.32496200740184705,0.010457856642969634,8.138178825378418,52.369239807128906,1.0
train,2575,62.558901058550155,2.0457193714508937,0.32510969257599,0.01046667287989246,8.564909934997559,55.13666534423828,1.0
train,2576,62.54707262728007,2.0321555139379015,0.32497018045703874,0.01046624310854015,8.061636924743652,51.91699981689453,1.0
train,2577,62.56401137524021,2.0445181759032756,0.32455985972700735,0.01045708459160535,8.226689338684082,53.0004997253418,1.0
train,2578,62.59630574527522,2.0414293793763076,0.3240317237538555,0.010444118422975737,8.109611511230469,52.26650619506836,1.0
train,2579,62.6200315501286,2.0378791370803606,0.32494862664980284,0.010477733284754357,7.923736572265625,51.088348388671875,1.0
train,2580,62.714403629128505,2.0899051508535362,0.3249903984921257,0.010483142161320841,8.08896541595459,52.17387771606445,1.0
test,2580,61.79727497104319,1.4555158208662486,0.33531851565268744,0.01081629391274272,8.341839790344238,53.8049201965332,1.0
train,2581,62.646510098035456,2.0312511417571764,0.3247933916412253,0.010480846867061664,7.929710388183594,51.16650390625,1.0
train,2582,62.70264610963299,2.060961413810945,0.32412577844390145,0.010463354641111432,8.14941120147705,52.6045036315918,1.0
train,2583,62.68896184838215,2.0223801546902873,0.3244780042517809,0.010478780683965667,8.029850959777832,51.852813720703125,1.0
train,2584,62.72321489587443,2.040685992165882,0.3242352021905122,0.010474992103072376,8.123148918151855,52.47560501098633,1.0
train,2585,62.70119667820908,2.006169251805908,0.3241889687017168,0.010477550405256124,8.088367462158203,52.2711296081543,1.0
train,2586,62.7529438184898,2.030204973943147,0.3246991324677731,0.010498096858399742,7.9427032470703125,51.34963607788086,1.0
train,2587,62.776648732536756,2.0092302720886073,0.3248878727454734,0.010508259857475713,8.049419403076172,52.05967330932617,1.0
train,2588,62.795587128612354,2.0318812660973804,0.3243687787075161,0.010495524345976106,8.306327819824219,53.742000579833984,1.0
train,2589,62.80123953011461,2.025830246178257,0.32442655469138587,0.010501448716309272,7.806649208068848,50.52859115600586,1.0
train,2590,62.87895874012271,2.048870707796992,0.32447847044603145,0.010507184766346662,7.8846893310546875,51.05341339111328,1.0
train,2591,62.845418292875046,2.0199487562629708,0.3240573637397395,0.0104975989009714,8.040542602539062,52.082672119140625,1.0
train,2592,62.929507480625524,2.0540662556832148,0.3239013861702599,0.010496594485286934,8.069262504577637,52.28887939453125,1.0
train,2593,62.96400562485975,2.065137975520369,0.32463277934716817,0.010524354072387502,8.384716987609863,54.353981018066406,1.0
train,2594,62.89530369479099,2.0100172163582615,0.3237899831917711,0.010501078215804597,8.378124237060547,54.332191467285156,1.0
train,2595,62.936428412037195,2.012297132361559,0.32450226938336313,0.010528234781580366,8.216323852539062,53.303462982177734,1.0
train,2596,62.960045176288645,2.0260775245418055,0.3240198937258003,0.01051663430578434,8.479265213012695,55.03048324584961,1.0
train,2597,62.99863535870225,2.03663194463055,0.3239050396536455,0.010516954923418028,7.862890720367432,51.04987335205078,1.0
train,2598,63.02588458293268,2.0276309368246603,0.3237965964503311,0.010517480906242035,8.131319046020508,52.812965393066406,1.0
train,2599,63.026398122419685,2.0328571027859725,0.32466338137065887,0.010549693485932762,7.892360687255859,51.28066635131836,1.0
train,2600,63.05642273362373,2.0117683257107504,0.3240963342291856,0.01053531851270458,8.42316722869873,54.750640869140625,1.0
test,2600,62.30736332557222,1.5880659154679497,0.33217078404821687,0.010797792634359376,7.904506683349609,51.37934494018555,1.0
train,2601,63.036145745900974,2.013646552556607,0.3240470293019222,0.01053776595256775,7.842601776123047,50.9965705871582,1.0
train,2602,63.02306401419892,1.9755509952638683,0.3234319292578643,0.010521805856054707,8.436731338500977,54.8809928894043,1.0
train,2603,63.13278532255014,2.040060714012618,0.3237621964790688,0.010536596648655699,8.092669486999512,52.66310501098633,1.0
train,2604,63.1279933062657,2.013942569156204,0.3237344488485192,0.010539739898876783,7.85745096206665,51.15205383300781,1.0
train,2605,63.1481955563503,2.0298052640175848,0.323790349586953,0.010545606819595186,7.8905029296875,51.3869514465332,1.0
train,2606,63.1762388517601,2.0149985800895593,0.3239145324293877,0.01055369988762221,8.052481651306152,52.461971282958984,1.0
train,2607,63.21271753014552,2.011055816192571,0.3237974995272176,0.010553933815736894,8.190009117126465,53.37843704223633,1.0
train,2608,63.16389698847894,1.9880257978833642,0.32283256955082235,0.010526517658875583,8.060639381408691,52.555419921875,1.0
train,2609,63.29169584428527,2.0524420265395955,0.32417737177078687,0.010574419087138812,8.037483215332031,52.424537658691406,1.0
train,2610,63.27290102766409,2.0187550226149433,0.32412906832368743,0.010576894673658134,8.216865539550781,53.615108489990234,1.0
train,2611,63.27774146115261,2.0203668152592447,0.3237865830444827,0.01056976571148434,8.42801570892334,55.0139274597168,1.0
train,2612,63.284655987278605,2.008574507064624,0.32318362080043284,0.010554121860820226,8.087846755981445,52.813697814941406,1.0
train,2613,63.33379989328116,2.005759313522657,0.32373847919552046,0.01057628805070797,8.266617774963379,54.00173568725586,1.0
train,2614,63.39626846843877,2.031920440372337,0.3235755457007488,0.010575009428133398,8.364527702331543,54.66223907470703,1.0
train,2615,63.38374035357557,2.0267785327407495,0.3237363101360434,0.010584309787609523,8.10350513458252,52.976715087890625,1.0
train,2616,63.37869902805143,1.9996061551889308,0.32319062208893795,0.01057050841519493,7.94464111328125,51.9580078125,1.0
train,2617,63.43446935213314,2.015982758026179,0.3231793727100092,0.010574179822980301,8.653206825256348,56.61366653442383,1.0
train,2618,63.40008260320056,1.9771239179156876,0.32361093110057665,0.010592344812805353,8.093803405761719,52.9739990234375,1.0
train,2619,63.45548487250464,2.019803591189784,0.3231858275462715,0.0105824698579686,8.156867980957031,53.40714645385742,1.0
train,2620,63.506153202999045,2.027411926023872,0.32278252555213477,0.010573298424316755,8.02896785736084,52.58979034423828,1.0
test,2620,62.66035964795565,1.4748897325715657,0.330811074387554,0.010836287390667653,8.009939193725586,52.46514892578125,1.0
train,2621,63.50685636350797,2.0145033561742833,0.32294575495463435,0.010582681703221086,8.376755714416504,54.88875198364258,1.0
train,2622,63.552632959605226,2.0317591371616515,0.32302306503591804,0.01058925247910692,8.307520866394043,54.45585250854492,1.0
train,2623,63.54091173765906,2.0149703292762933,0.3229729400813427,0.010591646054790547,8.055441856384277,52.8236083984375,1.0
train,2624,63.589916928539424,2.028259534169325,0.3234435185119428,0.010611120947636126,7.990072727203369,52.4149284362793,1.0
train,2625,63.60255595157315,2.0352546504858515,0.323029228151826,0.010601566901358437,8.1759033203125,53.6544189453125,1.0
train,2626,63.61270229257248,2.0105816519744573,0.32254605061223646,0.01058974081444165,7.936256408691406,52.1015739440918,1.0
train,2627,63.63471854635965,2.019491201959771,0.32387882948706886,0.010637546314470168,8.053960800170898,52.894439697265625,1.0
train,2628,63.69804893602524,2.0452548521497596,0.3228049259067149,0.01060630945111305,7.55977201461792,49.66775131225586,1.0
train,2629,63.68905215886239,2.0207915377625607,0.32305047697869144,0.010618415179852066,8.295354843139648,54.521278381347656,1.0
train,2630,63.677743986417994,2.002560944597319,0.3230624214616225,0.010622845662054903,8.051653861999512,52.939674377441406,1.0
train,2631,63.74261643918844,2.036712035127843,0.3226761767334699,0.010614178322813096,7.785098552703857,51.206539154052734,1.0
train,2632,63.73938774949153,2.0222491764385446,0.32274329404974,0.010620419981739522,7.850236415863037,51.65460205078125,1.0
train,2633,63.74207765123498,1.993439041735094,0.3223583676463468,0.010611782396859339,7.6259002685546875,50.197540283203125,1.0
train,2634,63.774926918049324,2.0157415429794696,0.32338749982915516,0.010649702553530038,8.263480186462402,54.415069580078125,1.0
train,2635,63.76650817569603,1.9937747909261156,0.3224717177535168,0.010623574779463643,8.035191535949707,52.931884765625,1.0
train,2636,63.82371965416002,2.0266292417088665,0.3231320826072986,0.010649368722524373,8.20865535736084,54.0950927734375,1.0
train,2637,63.88938328184315,2.042614355830539,0.3232849301150811,0.010658446730268622,8.33421516418457,54.9433708190918,1.0
train,2638,63.85291502722619,2.0067979021906375,0.3221748225033785,0.010625874148796738,8.48932933807373,55.987178802490234,1.0
train,2639,63.87559532447477,2.012046233315717,0.3228567614033682,0.010652400960665965,8.306634902954102,54.803077697753906,1.0
train,2640,63.94436684589965,2.0285909117424046,0.3229606696811736,0.010659865935965596,8.081509590148926,53.3380126953125,1.0
test,2640,63.10495278410966,1.4818212252027791,0.33071847500128615,0.010915925488824953,8.158055305480957,53.84321975708008,1.0
train,2641,63.92425544367489,1.9968096345412265,0.32250346362787075,0.010648805963092062,8.046774864196777,53.128883361816406,1.0
train,2642,63.98130960949515,2.018583415673846,0.3227924586999909,0.010662382851059344,7.8486175537109375,51.84017562866211,1.0
train,2643,63.959243177015445,1.9900781440944233,0.32301813300782145,0.010673874579419054,8.423341751098633,55.65728759765625,1.0
train,2644,64.02880365683663,2.0216841490068935,0.32267724521161,0.010666643278400402,8.107298851013184,53.58929443359375,1.0
train,2645,64.02494355308848,2.0119963561140746,0.32228746005915654,0.010657786459891634,8.185121536254883,54.12417221069336,1.0
train,2646,64.07450555996104,2.027141572440713,0.32273819173512075,0.01067672561698731,8.212773323059082,54.32755661010742,1.0
train,2647,64.03746910667489,1.9987962278218834,0.3225556822692,0.010674719437791143,7.946602821350098,52.58669662475586,1.0
train,2648,64.08804300352195,2.026463901870119,0.3225048887306546,0.010677069374690276,8.031942367553711,53.1715087890625,1.0
train,2649,64.12319083969278,2.020697539602057,0.3229430122249867,0.010695610577372894,8.438592910766602,55.8846321105957,1.0
train,2650,64.08118233539402,1.9848317168284981,0.3216343910058165,0.010656290132057525,8.517330169677734,56.4273681640625,1.0
train,2651,64.10841624221216,1.981969834071919,0.32204087540381915,0.010673782754497228,8.666171073913574,57.43510818481445,1.0
train,2652,64.1868944080854,2.020319266237272,0.3223407206585937,0.010687749737549984,8.150824546813965,54.040016174316406,1.0
train,2653,64.15400680447078,1.9801330538490427,0.32236527890632144,0.010692593170663777,8.132871627807617,53.94132614135742,1.0
train,2654,64.23359842925032,2.0154019079058325,0.3220584840073151,0.010686442362762059,7.897202968597412,52.39799880981445,1.0
train,2655,64.21719247850794,2.0011863024558423,0.322302112376956,0.010698554735498546,8.601167678833008,57.090301513671875,1.0
train,2656,64.2975779288076,2.0235045398498603,0.32205564008280774,0.010694398582424972,8.089287757873535,53.712921142578125,1.0
train,2657,64.25007464970332,1.9931895328972569,0.32199974981280766,0.010696567246486939,7.904477119445801,52.50554275512695,1.0
train,2658,64.29344765013755,2.010350235381756,0.32213655968005517,0.0107051382622471,8.070442199707031,53.628143310546875,1.0
train,2659,64.3361771517606,2.0029379784995456,0.3217325207081811,0.01069573262377955,8.22669506072998,54.68701171875,1.0
train,2660,64.31632576309802,1.997666993683788,0.3219105769023763,0.010705675435104837,8.247417449951172,54.84537887573242,1.0
test,2660,63.49344084052209,1.4157653886743757,0.331817255740587,0.011035138633556589,7.92482328414917,52.70013427734375,1.0
train,2661,64.3553267812886,2.007099850902704,0.3223554483491163,0.010724499420385902,7.974339485168457,53.049346923828125,1.0
train,2662,64.3868902145704,2.005729602711828,0.32197513363974634,0.010715870950941772,8.263884544372559,54.9962043762207,1.0
train,2663,64.39423315646314,1.9974353788887411,0.32220192527840785,0.010727446077299016,7.956892490386963,52.97306442260742,1.0
train,2664,64.43961568721431,2.009291862769743,0.3218771421207075,0.010720655753157506,8.185412406921387,54.51490020751953,1.0
train,2665,64.40469106875886,1.9822458210682372,0.32212583093123254,0.01073296491953171,8.3052339553833,55.33367919921875,1.0
train,2666,64.47258818284784,1.997294194611969,0.3212690287093474,0.010708432442987924,8.360501289367676,55.7227897644043,1.0
train,2667,64.47345171557474,1.9843419727893525,0.32115562346842624,0.01070866650105361,7.595983028411865,50.64626693725586,1.0
train,2668,64.48522641307218,1.9760473525615738,0.32173518248194094,0.010732012700763974,8.13011360168457,54.2279167175293,1.0
train,2669,64.54517279079533,1.9997792807508203,0.3216680798214781,0.010733794828710976,8.260828971862793,55.12044143676758,1.0
train,2670,64.53136216298678,1.9865689743494228,0.32157386321965653,0.01073467017081974,7.997146129608154,53.38100814819336,1.0
train,2671,64.57457595808445,1.9971211779217908,0.3218170463319144,0.010746810338206672,8.132650375366211,54.305824279785156,1.0
train,2672,64.55616652219669,1.961125231120685,0.32140538354867376,0.01073708037038014,8.391447067260742,56.0549201965332,1.0
train,2673,64.60795981291663,1.9943673461512075,0.32153532751915964,0.01074544015409604,8.167830467224121,54.581581115722656,1.0
train,2674,64.62763130643016,1.9890284421371534,0.32190707695601933,0.01076188714361978,8.2090425491333,54.87750244140625,1.0
train,2675,64.64542130973807,2.0039477887451977,0.3214224149925212,0.010749701469262227,7.923628330230713,52.989315032958984,1.0
train,2676,64.67785378074716,2.0041398161111017,0.3211558879708528,0.010744801745059476,7.8685736656188965,52.64080810546875,1.0
train,2677,64.70114303376707,1.9864675226640753,0.32205397071656927,0.010778873861710857,7.908966064453125,52.93081283569336,1.0
train,2678,64.71284657941386,1.9993838000725008,0.3214946813824148,0.010764173202644235,8.113138198852539,54.3175163269043,1.0
train,2679,64.73418966684855,1.9930278891135256,0.3215241772414039,0.010769179423055391,8.270236015319824,55.38996124267578,1.0
train,2680,64.77651673814904,1.9935720494671965,0.32153513280629153,0.01077356515764393,8.290160179138184,55.54412841796875,1.0
test,2680,63.877649950941894,1.4389280127676571,0.3296360611065184,0.011045000126874725,8.155959129333496,54.64498519897461,1.0
train,2681,64.77523742854443,1.9972777828994008,0.32110287582224384,0.010763095058738572,8.094035148620605,54.25032424926758,1.0
train,2682,64.77176414738197,1.9494038207427162,0.32091205581570126,0.010760709934112421,7.914773464202881,53.068603515625,1.0
train,2683,64.77280809030488,1.945154996132877,0.3211883673334663,0.010773989567632515,8.113061904907227,54.41841506958008,1.0
train,2684,64.82302898877364,1.9589053871777309,0.3208962366164843,0.010768201093975365,7.887430667877197,52.924713134765625,1.0
train,2685,64.9215114606068,2.0134708894463715,0.32197825323300966,0.010808534267152807,8.373305320739746,56.20587158203125,1.0
train,2686,64.88345089859025,1.9941051049063243,0.321043705442996,0.010781174943061998,8.174232482910156,54.8900260925293,1.0
train,2687,64.89229442486167,1.963208005579234,0.3207756304889209,0.010776181840202617,8.03033447265625,53.943824768066406,1.0
train,2688,64.96020067859124,1.9824885882347265,0.3213648511689092,0.010799992861887113,8.020807266235352,53.899879455566406,1.0
train,2689,64.9792277995283,1.9970533229298877,0.321194611405262,0.010798286206585838,8.562254905700684,57.559810638427734,1.0
train,2690,64.94068577330583,1.9604620041971106,0.3207362621989915,0.010786885703381436,8.1212158203125,54.615234375,1.0
train,2691,65.01209862852463,1.9887130212487207,0.32090111281293415,0.010796440762254979,8.132655143737793,54.71249008178711,1.0
train,2692,65.03095912549507,1.9776702836194058,0.32133269144247356,0.010814977109446958,8.22638988494873,55.3636589050293,1.0
train,2693,65.0327758398241,1.9709714239785578,0.32116960441067327,0.01081350236733755,8.009772300720215,53.925838470458984,1.0
train,2694,65.03565322982057,1.9734888589735482,0.32068175655383135,0.010801085073700619,8.200953483581543,55.23347854614258,1.0
train,2695,65.08113033100663,1.972096230667064,0.321339902099654,0.010827268837207898,8.2121000289917,55.329078674316406,1.0
train,2696,65.11054196516498,1.991544280347046,0.3209432440714831,0.010817915178917177,7.755479335784912,52.2719841003418,1.0
train,2697,65.112827076303,1.9631551050939187,0.32057194687096224,0.010809406750180139,8.06428337097168,54.37347412109375,1.0
train,2698,65.14034131102801,1.9796089705555509,0.32101841789438224,0.010828473693052638,8.190096855163574,55.24225616455078,1.0
train,2699,65.15582548267798,1.9585544182797994,0.32071385137597763,0.010822208690954727,7.772151470184326,52.44264602661133,1.0
train,2700,65.19457061466088,1.9803628569071519,0.3210069040130269,0.010836109681178745,8.135512351989746,54.914764404296875,1.0
test,2700,64.31435509000157,1.481184051441104,0.32512785787880694,0.010975219175468183,8.15251350402832,55.02952194213867,1.0
train,2701,65.20545398922923,1.9705900379994654,0.32056330203835537,0.01082514181624185,7.985588073730469,53.92273712158203,1.0
train,2702,65.21254951317931,1.9586796291224302,0.3204399441085017,0.010824981225794504,8.277899742126465,55.917274475097656,1.0
train,2703,65.23365589955591,1.9704381842949954,0.3207393127005919,0.01083910322304547,8.34926986694336,56.42025375366211,1.0
train,2704,65.24443649364574,1.9500802323096758,0.3205992297030525,0.01083837633086381,8.185907363891602,55.336788177490234,1.0
train,2705,65.33273970055745,1.985922697913808,0.3204694888201817,0.010837995698161525,8.141725540161133,55.0584716796875,1.0
train,2706,65.2993394982191,1.9758486253980574,0.3207257602662339,0.010850671243723926,8.427322387695312,57.010894775390625,1.0
train,2707,65.34198078304867,1.979599010189767,0.320931039273499,0.010861627401405618,7.914618015289307,53.562232971191406,1.0
train,2708,65.35511594982405,1.9768403350238262,0.32035484062722436,0.010846130502502294,8.111993789672852,54.918251037597656,1.0
train,2709,65.39314375262185,1.9902421328073188,0.3202285710769916,0.010845857899806589,8.272931098937988,56.02848434448242,1.0
train,2710,65.37277155519186,1.9722561548360746,0.31976069280440844,0.010834007886330505,8.643745422363281,58.561431884765625,1.0
train,2711,65.39985346733063,1.965885635526722,0.32060360481047256,0.010866574248597194,7.88319730758667,53.42841720581055,1.0
train,2712,65.44073900319786,1.9593632820539757,0.3205704366249171,0.010869456772170782,7.8999152183532715,53.56147384643555,1.0
train,2713,65.44367660483378,1.9622726496261333,0.3209050042787141,0.010884811738548921,7.991781711578369,54.20431137084961,1.0
train,2714,65.48432390287688,1.9702188943359733,0.32006679399520366,0.01086038082762861,8.239012718200684,55.90175247192383,1.0
train,2715,65.45373611366448,1.9538709415082656,0.31963898051234335,0.010849859516152666,7.986240386962891,54.206661224365234,1.0
train,2716,65.51992185099239,1.9484113601812982,0.32002189069539255,0.010866856933696623,7.884633541107178,53.536712646484375,1.0
train,2717,65.5456534259013,1.9828286922941964,0.3194581690263801,0.010851707687442144,8.000182151794434,54.3412971496582,1.0
train,2718,65.58311719786235,1.9720961162121882,0.32091987922520504,0.010905371770178928,8.037837028503418,54.617156982421875,1.0
train,2719,65.57769451008757,1.9536328921159283,0.32038821538987283,0.010891309433270147,8.405226707458496,57.134578704833984,1.0
train,2720,65.60216753359815,1.969940366999727,0.31995095309869215,0.010880444081645985,8.394298553466797,57.0812873840332,1.0
test,2720,64.76883926935861,1.4561814133201196,0.3271776907226384,0.011126200857328475,7.96065092086792,54.132476806640625,1.0
train,2721,65.61380396820972,1.9691446599531122,0.3194473460616535,0.010867310811096816,8.043086051940918,54.7131462097168,1.0
train,2722,65.68169763469452,1.9854990725023511,0.31941742727794015,0.01087028531960838,7.874788761138916,53.587989807128906,1.0
train,2723,65.66243708443389,1.941310607597499,0.3202894178014337,0.010903963767488476,7.8860931396484375,53.68463134765625,1.0
train,2724,65.71037139501756,1.9714788833992236,0.31997881239253523,0.010897388822233556,8.226351737976074,56.02151107788086,1.0
train,2725,65.73741439389433,2.0018609497427633,0.3195162939580421,0.010885630573509098,7.87002420425415,53.614593505859375,1.0
train,2726,65.67967267669778,1.9325777424415562,0.32021664683303247,0.010913493269079831,7.9775824546813965,54.367279052734375,1.0
train,2727,65.75356024174388,1.9483137134226782,0.3199919970359202,0.010909836346212395,8.195660591125488,55.87397384643555,1.0
train,2728,65.74233651745682,1.9302067650223755,0.3198988168090418,0.0109106577863911,8.140321731567383,55.51704025268555,1.0
train,2729,65.80183707668893,1.970738407809177,0.3195820671274162,0.010903848911228774,8.01386833190918,54.67466354370117,1.0
train,2730,65.84946719691992,1.985133643207906,0.31965974430177746,0.010910494532863746,7.916499614715576,54.0301628112793,1.0
train,2731,65.82099110575068,1.948721571977087,0.3194877695697068,0.010908617960008197,7.975247383117676,54.45105743408203,1.0
train,2732,65.90409515526022,1.9775382976064393,0.3202768905756895,0.010939564836484238,8.104545593261719,55.354103088378906,1.0
train,2733,65.88558382103393,1.9620842457341048,0.31980742668433804,0.010927526746249135,8.164509773254395,55.7840690612793,1.0
train,2734,65.95525013113738,1.9882104638466414,0.320155760328542,0.010943430534520288,8.169827461242676,55.8408203125,1.0
train,2735,65.9453711399786,1.9711826015993041,0.31958414546046726,0.010927886236087038,7.86177396774292,53.75493240356445,1.0
train,2736,65.93304917649215,1.9461281361529297,0.3189013830436877,0.010908525671194548,8.168440818786621,55.872188568115234,1.0
train,2737,65.98713561531567,1.9633057193358303,0.3201829398720857,0.010956365233889417,8.458950996398926,57.880428314208984,1.0
train,2738,65.99593831190381,1.960430649144284,0.3191627582001503,0.010925444692442207,8.070359230041504,55.24165725708008,1.0
train,2739,66.00921568607089,1.946001895216416,0.3194279110654125,0.010938513742902207,8.001835823059082,54.79262161254883,1.0
train,2740,66.04078691065901,1.957067423323943,0.31918960135802216,0.01093434251814119,8.23827838897705,56.4322624206543,1.0
test,2740,65.1816147713027,1.3954597949022258,0.3247519144742389,0.01112488831458035,8.291304588317871,56.79548263549805,1.0
train,2741,66.05397967475699,1.961863582316572,0.3194250106113628,0.010946399246235325,8.057501792907715,55.214088439941406,1.0
train,2742,66.10173386686502,1.9797402670476796,0.3197396345030376,0.010961177461339388,7.973455905914307,54.6580924987793,1.0
train,2743,66.09219906664227,1.956363523045696,0.3189312452978587,0.010937450850095997,8.15136432647705,55.89803695678711,1.0
train,2744,66.09558023954546,1.9336465555715159,0.3193843023619109,0.010956979925880066,8.055545806884766,55.2610969543457,1.0
train,2745,66.1559316339922,1.991911309218171,0.3187962052938138,0.010940788886717512,8.31969928741455,57.093990325927734,1.0
train,2746,66.18303363854484,1.961033876588656,0.3188931688126565,0.010948102350380615,7.895654201507568,54.203712463378906,1.0
train,2747,66.14537550545506,1.9415314608426308,0.3191674264237159,0.010961507237938102,7.992333889007568,54.88740921020508,1.0
train,2748,66.19568447555503,1.951221777325884,0.3193005102264371,0.010970068734127751,8.122444152832031,55.80125045776367,1.0
train,2749,66.25744413675251,1.983960807345265,0.3190553744023334,0.010965634502613916,8.349624633789062,57.382850646972656,1.0
train,2750,66.22113047159071,1.9335098154938268,0.3187803435229662,0.010960166304606334,7.907841682434082,54.3664665222168,1.0
train,2751,66.26995369178054,1.946042166583232,0.3189877385496439,0.01097128381767544,7.9267120361328125,54.51601791381836,1.0
train,2752,66.28672482057496,1.9404451444914086,0.3194998515380681,0.010992890811935635,7.91473388671875,54.45341873168945,1.0
train,2753,66.30422576111488,1.9472783322828051,0.3188118821223315,0.010973204900966605,8.300548553466797,57.128578186035156,1.0
train,2754,66.36377209950575,1.9740046484759122,0.3191747815452824,0.010989684843326334,8.253252029418945,56.82369613647461,1.0
train,2755,66.38933175481635,1.9550187033783417,0.3192975281186039,0.010997902019003154,8.241164207458496,56.76106643676758,1.0
train,2756,66.33068685744475,1.9440513719711554,0.318607395226555,0.010978113237030532,8.093573570251465,55.7647705078125,1.0
train,2757,66.37172941004798,1.9407073019888215,0.3186661189526287,0.010984119582482053,8.522804260253906,58.74348831176758,1.0
train,2758,66.42212707430201,1.9616628145063661,0.3182420796890901,0.010973480978508544,7.925062656402588,54.643367767333984,1.0
train,2759,66.4407716675028,1.9511816148307792,0.3187631871558091,0.01099543371436582,8.039362907409668,55.45155715942383,1.0
train,2760,66.4689156162054,1.9528493870757153,0.3191270364146507,0.011011973038393965,7.939614295959473,54.78339385986328,1.0
test,2760,65.69707523622961,1.4538926675286092,0.32575556990737037,0.011240700860787172,8.279776573181152,57.13051986694336,1.0
train,2761,66.48958483520462,1.9597658645177647,0.31976259177829425,0.011037900494021289,7.820532321929932,53.98127365112305,1.0
train,2762,66.51529375642288,1.9500354999942828,0.3190905657871887,0.011018691029282185,7.974705696105957,55.06539535522461,1.0
train,2763,66.47270008342588,1.9326812543146696,0.3182839485388992,0.010994815438960357,7.844770908355713,54.18780517578125,1.0
train,2764,66.51486898646266,1.9389430498666829,0.317923005317272,0.010986320639781553,7.881869792938232,54.46377182006836,1.0
train,2765,66.58174737678358,1.960769427202143,0.3193720054417096,0.0110403848286397,7.941951274871826,54.8987922668457,1.0
train,2766,66.60751395255186,1.949318705397214,0.31902753395167105,0.011032464224019907,8.224349021911621,56.87142562866211,1.0
train,2767,66.61821218379635,1.9416581260996602,0.3189188988270709,0.011032693541428268,8.18729019165039,56.6356315612793,1.0
train,2768,66.64443367582253,1.9500774435189194,0.31875908004029346,0.011031148853777619,8.311095237731934,57.51283645629883,1.0
train,2769,66.65180715204288,1.9515701807596464,0.3183574174028851,0.011021227769420404,8.025473594665527,55.5563850402832,1.0
train,2770,66.66414752601487,1.930089356652381,0.31822941567581126,0.011020773942579947,7.700051307678223,53.32290267944336,1.0
train,2771,66.67055889734016,1.920708266536351,0.31860117348741795,0.01103763060359065,8.285435676574707,57.39741134643555,1.0
train,2772,66.75547270734712,1.9794841142438768,0.31857144732288595,0.011040582514146257,8.042390823364258,55.73381423950195,1.0
train,2773,66.7113255229661,1.9285845904833574,0.31876851977597126,0.011051396570550693,7.764800548553467,53.82952880859375,1.0
train,2774,66.75062692239526,1.9509824828878235,0.3182789767307542,0.0110384026755544,8.20801830291748,56.92265701293945,1.0
train,2775,66.7641738266287,1.934000198805328,0.3187524409595968,0.011058807147666034,8.352872848510742,57.9481086730957,1.0
train,2776,66.7914167670073,1.9466755877821775,0.31759440187914134,0.011022599636650478,8.081328392028809,56.08447265625,1.0
train,2777,66.82887536058311,1.9710180685278527,0.31934543236942897,0.011087363247615388,8.494597434997559,58.973793029785156,1.0
train,2778,66.82792824369362,1.9324284207022675,0.31835220900813693,0.011056858501851858,8.280375480651855,57.50726318359375,1.0
train,2779,66.87720368905596,1.9555329435525077,0.31845499925721577,0.011064408853636437,8.347579002380371,57.994850158691406,1.0
train,2780,66.88324594898971,1.9351079907994806,0.3185375693775209,0.011071258993509041,7.905463695526123,54.943023681640625,1.0
test,2780,66.02673294349282,1.3841917471626635,0.32585471156573675,0.01132557742890232,8.42888069152832,58.58077621459961,1.0
train,2781,66.94899109925187,1.9686170062258093,0.3186466811648054,0.011079034025277799,8.208353996276855,57.06863021850586,1.0
train,2782,66.91243174972004,1.919275785600402,0.317887074163097,0.01105659642246293,8.037150382995605,55.8984260559082,1.0
train,2783,66.95471248912847,1.9366669694975187,0.31804386198935036,0.011066024892489526,8.318629264831543,57.87691879272461,1.0
train,2784,66.99792584315612,1.9525929188231081,0.3179923182130514,0.011068205983728941,8.349998474121094,58.11604690551758,1.0
train,2785,66.9867614009116,1.9366655346241968,0.31794374258667396,0.011070489134570574,7.995095729827881,55.6659049987793,1.0
train,2786,67.01536640735323,1.9200204401892094,0.3177553470693924,0.011067900932166117,8.176948547363281,56.952491760253906,1.0
train,2787,67.00176862653166,1.9177617262537734,0.31815179572888796,0.011085686340344054,7.880802154541016,54.9095344543457,1.0
train,2788,67.07484905858463,1.9463975489728407,0.31779480259626985,0.01107721930361892,8.227653503417969,57.346797943115234,1.0
train,2789,67.05245407780055,1.9381646925043021,0.31739983766278723,0.011067419303711495,8.138524055480957,56.74591064453125,1.0
train,2790,67.12493409353257,1.9281262992024204,0.31825176019874457,0.011101102751519513,8.247578620910645,57.526912689208984,1.0
train,2791,67.0894923791142,1.9237979061211852,0.31782393415376375,0.011090151933880694,8.246016502380371,57.5366325378418,1.0
train,2792,67.0788573269612,1.8933423150820126,0.31778354623838523,0.011092714534605658,8.353141784667969,58.304988861083984,1.0
train,2793,67.1140242938458,1.9010966050070892,0.3175069827803142,0.011087029109891892,8.312150955200195,58.03963851928711,1.0
train,2794,67.16352503944394,1.9121667364338926,0.3183918606436737,0.011121907668013445,8.14854907989502,56.91766357421875,1.0
train,2795,67.16723627508493,1.9147783873328088,0.31749231092143837,0.011094453297165687,8.34409236907959,58.30439376831055,1.0
train,2796,67.21007980586755,1.9222908648125558,0.3179148720421287,0.011113192814115033,8.123636245727539,56.78425979614258,1.0
train,2797,67.24108092792733,1.9368741328228622,0.31800121079859084,0.011120185532920466,7.829188823699951,54.74565505981445,1.0
train,2798,67.26573963912031,1.936579657176716,0.31784381650107446,0.011118654261541879,8.249911308288574,57.708187103271484,1.0
train,2799,67.26196882413326,1.9100384982653777,0.31691500750645324,0.011090124168824584,7.666940212249756,53.64946365356445,1.0
train,2800,67.34190615149065,1.9407990585087072,0.31780095245216167,0.011125099042016601,8.175511360168457,57.2286376953125,1.0
test,2800,66.50476208120415,1.4040011218768578,0.3251239587516219,0.011381451862038656,7.844839572906494,54.9139289855957,1.0
train,2801,67.3349513428315,1.9296042550146646,0.31734587986566104,0.011113134970333236,8.0225248336792,56.17778396606445,1.0
train,2802,67.33042207585993,1.9215825929163666,0.3174584392571336,0.01112104452119018,8.395051002502441,58.8073844909668,1.0
train,2803,67.39921393117056,1.9320263183906408,0.31791120669451817,0.011140879135235673,8.217432022094727,57.58370590209961,1.0
train,2804,67.40251247323654,1.9350174988663942,0.3176236827862904,0.011134773047479177,8.151110649108887,57.13934326171875,1.0
train,2805,67.44627927521232,1.9478232379889602,0.3179754151819915,0.011151077847670918,8.198758125305176,57.49384689331055,1.0
train,2806,67.43966859886596,1.938940057290416,0.31730671256966003,0.011131593057212185,8.425070762634277,59.1019287109375,1.0
train,2807,67.48542510394513,1.9499552308357202,0.3178119561718446,0.0111532900090401,7.670529365539551,53.8279914855957,1.0
train,2808,67.46807058469044,1.9286342722742364,0.31717990354614034,0.011135073112043542,8.25463581085205,57.94759750366211,1.0
train,2809,67.45299898797323,1.9048260194322717,0.3171581354849599,0.011138272992067285,7.964428901672363,55.93024826049805,1.0
train,2810,67.54064447854492,1.9264292795493234,0.3173315792872362,0.011148330411084801,8.444669723510742,59.32386016845703,1.0
train,2811,67.54819904750318,1.9223929976439937,0.31671392075796506,0.011130589676301516,8.02147102355957,56.37093734741211,1.0
train,2812,67.6056645571684,1.941454214967741,0.3172061862938578,0.011151854530347219,7.700168609619141,54.132232666015625,1.0
train,2813,67.61870105686181,1.9428495259848524,0.3174996709282739,0.011166140767506815,7.8890838623046875,55.480037689208984,1.0
train,2814,67.61669513745662,1.9380040425238834,0.31658422802988967,0.011137902478209574,8.323225975036621,58.553955078125,1.0
train,2815,67.64062681452852,1.920049148821979,0.3178812223086198,0.01118750577765665,7.88134241104126,55.464996337890625,1.0
train,2816,67.6515062501742,1.9222240036239653,0.3173056140820098,0.011171213756065999,7.9692583084106445,56.1036262512207,1.0
train,2817,67.66789883202875,1.909307983041115,0.3171362404067831,0.011169214511741387,7.970848083496094,56.1347541809082,1.0
train,2818,67.71233873754642,1.940704139126032,0.31734446662710214,0.01118051443572225,7.9348297119140625,55.90092849731445,1.0
train,2819,67.70799181952478,1.9143986037219787,0.3170321911540696,0.01117347501551949,8.172317504882812,57.594459533691406,1.0
train,2820,67.75961849744444,1.9213995432792632,0.31676290465325957,0.011167943428835033,8.296759605407715,58.4921989440918,1.0
test,2820,66.9129215070921,1.3733449391305217,0.3269568053071626,0.011527344432391848,7.954746246337891,56.08101272583008,1.0
train,2821,67.6998518613333,1.9105103650112272,0.3171411466127431,0.011185242774929742,8.143999099731445,57.435604095458984,1.0
train,2822,67.78278438485764,1.9342932339949874,0.3169077172891761,0.011180970912575845,8.302889823913574,58.576934814453125,1.0
train,2823,67.8130565466045,1.9225989187151968,0.31740298726556065,0.011202411907214818,8.187431335449219,57.78285598754883,1.0
train,2824,67.82191573644444,1.916942935612801,0.31658202128405105,0.011177393637004712,8.487105369567871,59.91902542114258,1.0
train,2825,67.84493309492774,1.9456956167601422,0.31655178425995106,0.011180282576033956,8.289542198181152,58.54494094848633,1.0
train,2826,67.89384449562047,1.9464581123516753,0.317114742431194,0.011204129215978601,8.543092727661133,60.35700225830078,1.0
train,2827,67.89405002587016,1.9187621874901737,0.3165265888335545,0.011187305072960778,8.040056228637695,56.82314682006836,1.0
train,2828,67.88077872060308,1.8891346216463494,0.3165292694504951,0.011191356036802,7.965543270111084,56.316444396972656,1.0
train,2829,67.96395576719918,1.9339317994548688,0.3174883887482527,0.01122923531268286,8.070025444030762,57.0753059387207,1.0
train,2830,67.96421076707948,1.9227052277538133,0.3166555585418042,0.011203736769963404,8.190707206726074,57.949310302734375,1.0
train,2831,68.00733866239702,1.9296111976799404,0.31619018571436996,0.011191223180804717,8.0137939453125,56.71767807006836,1.0
train,2832,67.98450539201946,1.9336449057463538,0.31609680100408527,0.011191868740879107,8.267163276672363,58.53156661987305,1.0
train,2833,68.04405322390689,1.922679316286547,0.31720431244421304,0.011235046457783695,8.300002098083496,58.784820556640625,1.0
train,2834,68.02451995559285,1.915070668795237,0.31601449747989346,0.011196854236842704,8.065804481506348,57.146270751953125,1.0
train,2835,68.08654174078876,1.9339689665821242,0.3172386147100935,0.011244191580595161,8.039106369018555,56.97721481323242,1.0
train,2836,68.06142290145365,1.9243945398480735,0.3161585605759521,0.011209861775926023,8.093810081481934,57.38515853881836,1.0
train,2837,68.13245190572617,1.932001855754608,0.31691794215738667,0.011240747832925523,8.225422859191895,58.338863372802734,1.0
train,2838,68.1129532586163,1.901203006167923,0.31630330063072787,0.011222900536922391,8.094352722167969,57.42948532104492,1.0
train,2839,68.08544461263914,1.881381010075781,0.3156359184368425,0.011203165901746267,7.845312595367432,55.68215560913086,1.0
train,2840,68.1658389597117,1.894752427068683,0.31696165484733035,0.011254183149753997,8.187999725341797,58.13485336303711,1.0
test,2840,67.3944065798042,1.4420476215335336,0.32276319493666544,0.011460175242858969,8.086934089660645,57.41728591918945,1.0
train,2841,68.19205405063957,1.9329243648457868,0.31692360278847365,0.011256793205109155,7.8748087882995605,55.930885314941406,1.0
train,2842,68.221169436497,1.9154649490931512,0.3161282712096833,0.011232495071752627,8.168065071105957,58.034156799316406,1.0
train,2843,68.21139362222146,1.895779592581734,0.31578380320912264,0.011224202527885635,8.16227912902832,58.01344680786133,1.0
train,2844,68.28382549990764,1.924164312469449,0.31679702895576595,0.011264176136229103,8.572458267211914,60.950233459472656,1.0
train,2845,68.28614170648133,1.9158246584353846,0.31631574061952406,0.011251016785335442,8.11875057220459,57.744667053222656,1.0
train,2846,68.29686922979931,1.9080987700690204,0.3165184157783628,0.011262181811208912,7.934476375579834,56.4538459777832,1.0
train,2847,68.29211357108325,1.8986999506135585,0.31629665875844887,0.011258244689419529,7.967376708984375,56.707862854003906,1.0
train,2848,68.32874825425607,1.916501365910072,0.3158002777322936,0.011244523641058251,8.1791353225708,58.23550033569336,1.0
train,2849,68.34543009708096,1.899087679067724,0.3164137132953821,0.011270320673528279,8.366887092590332,59.59320831298828,1.0
train,2850,68.42002449077518,1.9403629100588795,0.3156965097315007,0.011248720455466111,7.896115779876709,56.2598762512207,1.0
train,2851,68.39153915388523,1.9183281522681763,0.3167359917058292,0.011289717496443108,8.162120819091797,58.175575256347656,1.0
train,2852,68.41524101394111,1.9070147930637977,0.3154318251541757,0.011247174370541235,8.109091758728027,57.81787109375,1.0
train,2853,68.40714607001485,1.886887096372926,0.3160605285789694,0.01127354205487324,8.388531684875488,59.83125686645508,1.0
train,2854,68.45401284043011,1.8874331745436634,0.3158290463840835,0.011269232800093046,8.187674522399902,58.419105529785156,1.0
train,2855,68.5318085565438,1.919906314720045,0.31629054589102307,0.011289653000059149,8.12277603149414,57.97636795043945,1.0
train,2856,68.5000940777206,1.8881075789629214,0.31548205688677555,0.01126473798048367,7.512172222137451,53.636959075927734,1.0
train,2857,68.53636267138975,1.900570093036963,0.3164265378246454,0.01130241695916769,8.222403526306152,58.728572845458984,1.0
train,2858,68.53031653953131,1.900141272490774,0.3150419583479389,0.011256898894167401,8.231846809387207,58.81660079956055,1.0
train,2859,68.53100475949155,1.8793443665153764,0.3159973369253628,0.011294985506256574,8.102391242980957,57.911895751953125,1.0
train,2860,68.5573838112165,1.8832169919061086,0.3157414674671674,0.011289786100879714,8.022143363952637,57.358375549316406,1.0
test,2860,67.81433852080434,1.3968480963015308,0.32571986930907176,0.011646578077959628,8.21629524230957,58.74656295776367,1.0
train,2861,68.61347990458238,1.9166624988342351,0.31553757797001136,0.011286439566669018,8.095863342285156,57.90571212768555,1.0
train,2862,68.60385660840791,1.887511375139713,0.31563738541336145,0.011293954644270824,8.198718070983887,58.6618766784668,1.0
train,2863,68.63779913144717,1.8869193056499483,0.3159643215789404,0.01130960204440627,8.060539245605469,57.693359375,1.0
train,2864,68.65712538159814,1.9056715897226177,0.315014224675301,0.011279531634698194,8.015710830688477,57.39254379272461,1.0
train,2865,68.66830536458154,1.8862589121824476,0.3157405141417988,0.011309483822128319,7.8950514793396,56.54836654663086,1.0
train,2866,68.7378098326989,1.9082897924652826,0.316328760559551,0.011334507886866808,8.627206802368164,61.81399154663086,1.0
train,2867,68.74770442601137,1.9123141515224442,0.3155061238160118,0.011308975078423258,7.952012538909912,56.99610137939453,1.0
train,2868,68.74213850772996,1.8946096069246607,0.31530087830773473,0.011305559142466637,8.15197467803955,58.44970703125,1.0
train,2869,68.76438097041297,1.89191772036617,0.3153577637768385,0.011311540429304297,8.006380081176758,57.42580795288086,1.0
train,2870,68.8055910067902,1.8962198474491816,0.3160780443623526,0.011341326691958874,8.006845474243164,57.44916915893555,1.0
train,2871,68.83891258979516,1.9078658432302744,0.31581717797177117,0.011335913757344211,8.278528213500977,59.419189453125,1.0
train,2872,68.8605780938236,1.9123136490376231,0.31559992656575164,0.011332060359239771,7.807830810546875,56.060279846191406,1.0
train,2873,68.96474530205725,1.9699796613127245,0.3158467694424553,0.011344871290585843,8.39666748046875,60.309120178222656,1.0
train,2874,68.87003105881011,1.9013832558479407,0.3149918543302311,0.011318100677120174,8.115517616271973,58.3100471496582,1.0
train,2875,68.91843603296765,1.9220838522326584,0.3161283165728963,0.011362886573866507,8.155086517333984,58.6147346496582,1.0
train,2876,69.02594058067861,1.9468303614817737,0.31577079234173827,0.01135398249661044,7.865477085113525,56.552825927734375,1.0
train,2877,68.96419553620625,1.9051113805620827,0.3155752964347786,0.011350897463340275,7.776149272918701,55.93000030517578,1.0
train,2878,69.01082700693777,1.9165504000538485,0.31516017348522934,0.011339905054141869,8.098029136657715,58.26536178588867,1.0
train,2879,68.97244712698385,1.890223983613903,0.31505368438955195,0.011340011204366203,8.035344123840332,57.83443832397461,1.0
train,2880,69.05029161762415,1.9095207434890473,0.3154272120643613,0.011357398368474221,8.51996898651123,61.34383773803711,1.0
test,2880,68.22103246588016,1.4067009702033222,0.3225699271758034,0.011614581825862851,8.194201469421387,58.9983024597168,1.0
train,2881,69.06946238780519,1.9218901610836807,0.3152670157160726,0.01135557071829188,8.196479797363281,59.03520584106445,1.0
train,2882,69.07515248404376,1.904338352330386,0.3154916822626789,0.011367606211550283,8.12671184539795,58.553009033203125,1.0
train,2883,69.08302311037122,1.8875696605873598,0.3148085597317776,0.011346927065584123,8.233582496643066,59.343597412109375,1.0
train,2884,69.15205387208997,1.9279737643518597,0.31524234301346893,0.011366502440419127,8.488941192626953,61.205318450927734,1.0
train,2885,69.15848870666481,1.9228966856369203,0.3150584433395436,0.011363809517854394,8.767191886901855,63.233428955078125,1.0
train,2886,69.10180405282817,1.8720848454776544,0.31506461413230297,0.01136797000536867,8.65457820892334,62.44283676147461,1.0
train,2887,69.19995143428373,1.922142913740195,0.31522997630370914,0.011377876483446157,8.349617004394531,60.26340866088867,1.0
train,2888,69.16170486355281,1.8801666131352837,0.31473349896796315,0.011363890459801879,8.021201133728027,57.913124084472656,1.0
train,2889,69.26249293115521,1.922597361012252,0.3152947389202767,0.011388095598521773,8.383980751037598,60.5533561706543,1.0
train,2890,69.24843189003613,1.8992968634986807,0.31466097784618124,0.011369137721689291,8.001700401306152,57.81234359741211,1.0
train,2891,69.30176428059627,1.929238979257248,0.31542462985069813,0.01140067194177199,8.16864013671875,59.03890609741211,1.0
train,2892,69.24791207228046,1.893578756522923,0.3155414952579279,0.011408839786021318,7.768453121185303,56.16596603393555,1.0
train,2893,69.32151121383092,1.9092498287978383,0.3147234862600104,0.01138319718793304,8.470110893249512,61.2601318359375,1.0
train,2894,69.35147094168246,1.9172068015586052,0.31419666651793116,0.011368069771510213,8.199912071228027,59.326416015625,1.0
train,2895,69.34348329780654,1.9034573764012404,0.3149867017671297,0.011400591279088658,8.240643501281738,59.6417121887207,1.0
train,2896,69.36522484453789,1.9013239682222347,0.314895497980547,0.01140122606017292,8.01762580871582,58.047664642333984,1.0
train,2897,69.3797496456477,1.8846248650437434,0.31483652231416726,0.011403025827768497,8.349743843078613,60.47307205200195,1.0
train,2898,69.41960073974252,1.903575856738853,0.3146736725668658,0.01140106062008151,8.144169807434082,59.00455856323242,1.0
train,2899,69.41711159743453,1.8775187721629305,0.3145905294742856,0.011401980219687989,7.791542053222656,56.4692497253418,1.0
train,2900,69.43380927411445,1.8928529702391417,0.3149019988779179,0.011417204959567372,8.249176025390625,59.80657958984375,1.0
test,2900,68.65087674316942,1.3480838142759255,0.3240302465985544,0.011748162132019664,8.522643089294434,61.78921127319336,1.0
train,2901,69.45097591429457,1.8844961005167955,0.3144283238846088,0.011403961182394987,7.9334917068481445,57.53770065307617,1.0
train,2902,69.52411709117925,1.9246126880499195,0.3136890486749676,0.011381069224147134,7.786654949188232,56.492225646972656,1.0
train,2903,69.50152711278564,1.8939622473550985,0.31463795078136614,0.011419429276022741,7.851502895355225,56.982337951660156,1.0
train,2904,69.54251718922409,1.9120798484336052,0.3141720238248376,0.011406445740633372,7.967617034912109,57.844947814941406,1.0
train,2905,69.5430706818375,1.8811988677029379,0.3134377483391648,0.011383704443225659,8.161598205566406,59.273658752441406,1.0
train,2906,69.55031660786925,1.9018156133289525,0.31408880605742995,0.011411275840508717,7.891635417938232,57.3327751159668,1.0
train,2907,69.57384818698563,1.8793100468021062,0.314336443139309,0.011424201646955779,8.42414379119873,61.22251510620117,1.0
train,2908,69.58844975102659,1.88053915817311,0.31395693729092167,0.011414333006430862,8.063143730163574,58.619110107421875,1.0
train,2909,69.64433394654348,1.8796874771090248,0.3147124560202952,0.011445734433429987,8.654906272888184,62.942867279052734,1.0
train,2910,69.6878213222935,1.9110690025109054,0.3144139995777341,0.011438809693712393,8.456271171569824,61.51942825317383,1.0
train,2911,69.64500691050625,1.8777142136340346,0.3143918358097572,0.011441932850593086,8.176599502563477,59.5052490234375,1.0
train,2912,69.68465487790378,1.8850126632874673,0.3139388736595045,0.011429371652442441,8.18506145477295,59.58730697631836,1.0
train,2913,69.72099992882582,1.8888019320295706,0.3142527822082051,0.011444727687035134,8.145010948181152,59.31608963012695,1.0
train,2914,69.7290583895625,1.8736342602146008,0.3149609577948036,0.011474455251964904,8.160573959350586,59.44983673095703,1.0
train,2915,69.77872023458582,1.8922277925828417,0.31395293206816144,0.011441655525558092,8.215093612670898,59.8675422668457,1.0
train,2916,69.7444106882586,1.8621568899646679,0.31429452194733104,0.011458032666667194,8.328749656677246,60.71662521362305,1.0
train,2917,69.79170672029007,1.8808839102171735,0.31389125066060003,0.011447254113746017,8.529789924621582,62.20354080200195,1.0
train,2918,69.82635373263145,1.8760351913122741,0.313473400335106,0.011435933616998623,8.06792163848877,58.85553741455078,1.0
train,2919,69.84364892796985,1.8880175392661738,0.3139151975517957,0.011455974524569599,7.839560031890869,57.2092399597168,1.0
train,2920,69.88551041358475,1.886028464268818,0.3138933199210085,0.011459099399698311,8.156030654907227,59.53907012939453,1.0
test,2920,69.02968842049545,1.3514872582887238,0.3205983169078391,0.011703874366448493,8.000862121582031,58.406349182128906,1.0
train,2921,69.89746142602691,1.8963097726910532,0.314174842625104,0.011473303558881228,8.37658977508545,61.17010498046875,1.0
train,2922,69.95488280077535,1.9154748368777943,0.31373191691125396,0.011461049678526146,8.14013957977295,59.463775634765625,1.0
train,2923,69.9202430074659,1.8676907776303227,0.31381142326994255,0.011467876403470453,7.797721862792969,56.981903076171875,1.0
train,2924,69.94505420046939,1.877106134419558,0.31428192911940184,0.0114889986281544,7.946968078613281,58.092384338378906,1.0
train,2925,69.98249295985266,1.885644046631306,0.3139158682294525,0.01147954033592844,8.114171981811523,59.334930419921875,1.0
train,2926,70.04910354809668,1.9175367135509571,0.31421916597368427,0.011494558930547693,8.115321159362793,59.36362838745117,1.0
train,2927,70.05788416326853,1.8998994293380385,0.31376957535700095,0.011482034029694008,7.785891056060791,56.97330856323242,1.0
train,2928,70.02264835596347,1.8749604097792747,0.3136939227777307,0.011483186393135359,8.361372947692871,61.20530319213867,1.0
train,2929,70.03935357829045,1.8533531353668202,0.3130369950597032,0.011463051244875821,8.356163024902344,61.18806076049805,1.0
train,2930,70.08422297154247,1.8681201062444972,0.31368859504283764,0.011490832794915013,7.867483615875244,57.629371643066406,1.0
train,2931,70.10413399957014,1.8864085102883879,0.3139960257247216,0.011506018949807486,8.428786277770996,61.76198196411133,1.0
train,2932,70.13009258316325,1.8973224554749317,0.3131090430082788,0.011477429972040877,7.915004730224609,58.01702880859375,1.0
train,2933,70.12226790907268,1.8496327852094911,0.31361735386155787,0.011499982609864389,8.126067161560059,59.58443832397461,1.0
train,2934,70.1759660387929,1.8833035895818326,0.3134007089268014,0.011495955609879722,8.05600643157959,59.090850830078125,1.0
train,2935,70.22218950859933,1.8827128628431726,0.3137470137885408,0.011512579979148143,8.489946365356445,62.295040130615234,1.0
train,2936,70.24075382984998,1.8969402766864552,0.31310217711151717,0.011492831836773798,8.113855361938477,59.55575180053711,1.0
train,2937,70.18934800238388,1.859179072793569,0.3134401798073817,0.01150915628571646,7.901264190673828,58.01508331298828,1.0
train,2938,70.29363149118825,1.8836037042243028,0.31431628023797326,0.011545254228002776,8.051447868347168,59.137939453125,1.0
train,2939,70.28558825295005,1.8753482638546455,0.31399233036760094,0.01153727963085973,7.967453956604004,58.54091262817383,1.0
train,2940,70.31719342876256,1.8785688928575512,0.31339021676458195,0.011519072659219426,8.291766166687012,60.94453811645508,1.0
test,2940,69.59259473634242,1.4439573676969488,0.3195393284779701,0.011745091407818025,7.9624924659729,58.52437210083008,1.0
train,2941,70.36013517020345,1.9164631910215923,0.3129628289980283,0.011507275099729892,8.31982421875,61.171566009521484,1.0
train,2942,70.33987909143241,1.8766221857053476,0.31330349416554826,0.011523716859279899,8.074492454528809,59.387939453125,1.0
train,2943,70.33377091665648,1.863334987960017,0.3139962825502967,0.011553123093320114,8.185954093933105,60.22821044921875,1.0
train,2944,70.41048600566374,1.8831425404051394,0.31315229648292786,0.011525983633085516,8.228026390075684,60.558319091796875,1.0
train,2945,70.42924654723697,1.8785905974102335,0.31348951055678176,0.011542313469216362,8.15085506439209,60.01072311401367,1.0
train,2946,70.40994688969936,1.8734529971901943,0.3130872609891867,0.011531416314698102,7.987154483795166,58.82544708251953,1.0
train,2947,70.48636779059345,1.9074741898113408,0.31368533098518825,0.01155736469513871,8.34595012664795,61.48883819580078,1.0
train,2948,70.44873516977466,1.8512277613617847,0.3128047737933933,0.01152883127643305,8.155961990356445,60.109493255615234,1.0
train,2949,70.44123291227785,1.842372504861373,0.31355381814542815,0.011560357321805163,8.468449592590332,62.43369674682617,1.0
train,2950,70.51886582051796,1.8733767562849462,0.3130952121135825,0.011547362360214823,8.192317008972168,60.41839599609375,1.0
train,2951,70.49168275120579,1.8597918921148564,0.3131409780123362,0.011552964137427534,8.174464225769043,60.307159423828125,1.0
train,2952,70.58942981696242,1.875838931907545,0.31299585202130215,0.011551521943412305,8.318014144897461,61.386993408203125,1.0
train,2953,70.60405867988706,1.8977346018998125,0.3127921293211908,0.011547912800914311,8.4401273727417,62.309303283691406,1.0
train,2954,70.61404740535598,1.8872145657307318,0.31308801401852254,0.011562749720282369,7.929115295410156,58.55656814575195,1.0
train,2955,70.59669494349748,1.874787069265545,0.3135919958254901,0.011585281935327717,8.015339851379395,59.21337890625,1.0
train,2956,70.66804233331887,1.8948935806380494,0.3124347453670453,0.011546433742381864,8.410380363464355,62.152767181396484,1.0
train,2957,70.64761152382609,1.8454884383602541,0.31288324656872096,0.011566919339061909,7.908524513244629,58.46381759643555,1.0
train,2958,70.64621174069407,1.8455374557545365,0.31220132302243414,0.011545611567592854,8.11423397064209,60.00480270385742,1.0
train,2959,70.69941445108826,1.873662826476671,0.3124191815976123,0.011557573110709728,7.93792724609375,58.72086715698242,1.0
train,2960,70.71936061676283,1.8467644259818865,0.3130143364837568,0.011583502440218853,8.180720329284668,60.537391662597656,1.0
test,2960,69.98373039082328,1.3723538965504676,0.3166162781465069,0.01171679697397308,8.125996589660645,60.13242721557617,1.0
train,2961,70.75665790154477,1.8797588355367627,0.31258398196307285,0.011571483520764626,7.981242656707764,59.08119583129883,1.0
train,2962,70.78520475095155,1.8614970101483175,0.31307645616974533,0.011593627388667552,7.956190586090088,58.915645599365234,1.0
train,2963,70.80444768074446,1.878615305705512,0.3129280633294796,0.01159204341888434,7.764194011688232,57.5133171081543,1.0
train,2964,70.83579621243469,1.9021607087376438,0.31280244631161847,0.011591299727245,8.256958961486816,61.184120178222656,1.0
train,2965,70.8621839766881,1.892834065643545,0.3130816750329273,0.011605560038700108,8.21385383605957,60.8852424621582,1.0
train,2966,70.87659269263794,1.8768149640069005,0.312890540275476,0.01160238564443796,7.983969211578369,59.201171875,1.0
train,2967,70.8613950336455,1.872558281092778,0.3124729663166335,0.011590806983817488,8.138042449951172,60.363983154296875,1.0
train,2968,70.88609111016808,1.852638052009725,0.31311682524194306,0.011618603721306863,7.872653484344482,58.415138244628906,1.0
train,2969,70.91496968888731,1.8844201192287051,0.31190948402580654,0.011577702246675415,8.223465919494629,61.03872299194336,1.0
train,2970,70.98171193652915,1.883147344718344,0.3133010626973314,0.01163327183307014,8.323030471801758,61.798561096191406,1.0
train,2971,70.94774781501734,1.8508960822978127,0.31192951711856354,0.011586243308917643,7.952125549316406,59.0644645690918,1.0
train,2972,70.94718782918339,1.8587339047412055,0.3121512818153289,0.01159838199024568,8.26339054107666,61.39704513549805,1.0
train,2973,71.02584084581639,1.8700622240353364,0.31250192549391803,0.011615316490142052,8.054417610168457,59.86450958251953,1.0
train,2974,71.00232928513695,1.8548652824795469,0.31214001080163706,0.011605765921168722,8.22155475616455,61.1273078918457,1.0
train,2975,71.02150481775746,1.842468063516404,0.31200424359039297,0.011604617585172793,8.122366905212402,60.41015625,1.0
train,2976,71.09766683847181,1.8792721119897078,0.31234147232005416,0.011621064274752187,8.01383113861084,59.622955322265625,1.0
train,2977,71.09224091246152,1.8599002278422507,0.3122704914538275,0.011622326331573774,8.212230682373047,61.11957550048828,1.0
train,2978,71.07158357164514,1.864160537021831,0.31321855608552446,0.011661526979769476,8.089362144470215,60.2253532409668,1.0
train,2979,71.12849925404453,1.856554882106788,0.31205295391061827,0.011622030393598631,8.01337718963623,59.6796760559082,1.0
train,2980,71.1377942098875,1.8588674010002173,0.31245849684747723,0.011641039684636246,8.173039436340332,60.889198303222656,1.0
test,2980,70.3834725633408,1.3642669560509364,0.31787075323925085,0.011842680197138673,8.271942138671875,61.62601852416992,1.0
train,2981,71.16784448829536,1.8646687278370695,0.3114380988279106,0.011606916042347542,7.939838409423828,59.17169189453125,1.0
train,2982,71.20003341747386,1.8577727741083732,0.3123005826177503,0.011642963122481113,7.9461541175842285,59.23862838745117,1.0
train,2983,71.28176942972573,1.898224750718397,0.31237484429112033,0.011649635987247412,8.056333541870117,60.08015060424805,1.0
train,2984,71.1844820510412,1.824344918355373,0.31284121580713625,0.011670938864029295,8.269752502441406,61.69240951538086,1.0
train,2985,71.23647978050212,1.8719056873063311,0.3116162192284995,0.01162913362413768,7.7647857666015625,57.94476318359375,1.0
train,2986,71.3013798266682,1.8557641077861653,0.31177680290883775,0.011639023229684603,8.306486129760742,62.007972717285156,1.0
train,2987,71.3064475870813,1.8805146759960008,0.31264317816445736,0.011675273765030601,8.290292739868164,61.90781784057617,1.0
train,2988,71.34657484404211,1.876014031118148,0.31165391885008603,0.011642226380852312,8.094118118286133,60.463111877441406,1.0
train,2989,71.31080236899037,1.846735519146771,0.31244069143742637,0.011675522384211837,8.355250358581543,62.434661865234375,1.0
train,2990,71.37714540360831,1.86443793376723,0.3118105775656562,0.01165587305025841,8.241011619567871,61.60161209106445,1.0
train,2991,71.40814368383727,1.8778575250965486,0.3120150840025091,0.011667417557588522,8.030160903930664,60.04558181762695,1.0
train,2992,71.42190739352145,1.8645438603590663,0.31188387195574596,0.011666409204183343,8.068188667297363,60.35009765625,1.0
train,2993,71.455583476776,1.8863541079317743,0.3112618662348781,0.011647032680717678,8.25565242767334,61.77296829223633,1.0
train,2994,71.44129013413263,1.8595146600728152,0.3117909129617679,0.011670725949232026,8.40868854522705,62.9390869140625,1.0
train,2995,71.52193183214987,1.890735649949153,0.3119392143777121,0.01168017590797555,7.924130439758301,59.33197021484375,1.0
train,2996,71.53538663649881,1.8781197468003554,0.3114076782572719,0.011664165405762332,7.893925666809082,59.12554931640625,1.0
train,2997,71.50455049137209,1.8424617015002545,0.3124061162943723,0.0117054678414277,8.212658882141113,61.53339767456055,1.0
train,2998,71.5580466082364,1.8514446896421486,0.31203581150137283,0.011695493039925361,8.402792930603027,62.97898483276367,1.0
train,2999,71.54997904973287,1.850543332370349,0.3113460387234456,0.011673530928569738,8.0564546585083,60.403316497802734,1.0
train,3000,71.59859136029385,1.8668396548827053,0.31115109624768456,0.01167011080363972,8.179869651794434,61.34907150268555,1.0
test,3000,70.82841367217421,1.366677476301345,0.3156884505497116,0.011840289948430123,8.00829029083252,60.062225341796875,1.0
train,3001,71.62416578586661,1.8748913683648778,0.311670764653708,0.011693497111762853,7.977322578430176,59.84991455078125,1.0
train,3002,71.63341560182317,1.865523331687863,0.31189652340690427,0.011705865614374067,8.073235511779785,60.58968734741211,1.0
train,3003,71.65713315615496,1.8645558781210336,0.31125751415801234,0.011685773129954198,8.08613109588623,60.70668411254883,1.0
train,3004,71.68243785904215,1.8747951871869855,0.31172420670599715,0.011707190679481075,8.113936424255371,60.935707092285156,1.0
train,3005,71.68649177258153,1.8590810603376626,0.31104274028131823,0.01168548500492665,8.432937622070312,63.35249710083008,1.0
train,3006,71.73086168196365,1.861431338173803,0.31099807287021475,0.011687693993568213,7.932034969329834,59.60929489135742,1.0
train,3007,71.73618009855491,1.850494507595248,0.3114177160894657,0.011707357039333337,8.307380676269531,62.450782775878906,1.0
train,3008,71.79728995196513,1.8578809786313975,0.3125530233149384,0.011753944007507169,8.127021789550781,61.11525344848633,1.0
train,3009,71.78454751755525,1.8513460016233163,0.3116200101973153,0.011722751752885141,7.976522922515869,60.00343704223633,1.0
train,3010,71.82578350169031,1.8818596715330422,0.3114377289432507,0.011719787144324093,8.033520698547363,60.45228958129883,1.0
train,3011,71.78814736347778,1.856278962108446,0.31080736662065245,0.011699950533624897,7.9568023681640625,59.894874572753906,1.0
train,3012,71.87345995660496,1.8628956822305645,0.3114905617326945,0.011729561792888355,8.193586349487305,61.69775390625,1.0
train,3013,71.81757081998734,1.825062036775993,0.31104706793183856,0.011716749185642594,8.09940242767334,61.00879669189453,1.0
train,3014,71.86912626510045,1.8468134768751572,0.3114125781821716,0.01173440976190684,8.225593566894531,61.979896545410156,1.0
train,3015,71.90887062583613,1.8746251881973148,0.31152691511369823,0.011742611815437308,8.099098205566406,61.04700469970703,1.0
train,3016,71.92179461638656,1.856873647310862,0.3112946268494121,0.011737746797748113,8.21965503692627,61.97624588012695,1.0
train,3017,71.91916677710167,1.848507534659393,0.31126930161443683,0.011740682355796882,8.009941101074219,60.415035247802734,1.0
train,3018,71.96435650442704,1.8500609999823125,0.311100388550296,0.011738199535729616,8.078272819519043,60.950618743896484,1.0
train,3019,72.01446140148332,1.8647866693992907,0.3113613554378416,0.011751937764474843,7.738794803619385,58.408599853515625,1.0
train,3020,72.01723675914532,1.8654077573874648,0.31084089492032957,0.011736178767813323,8.21439266204834,62.018714904785156,1.0
test,3020,71.21647265573644,1.32315951595582,0.3190774061092407,0.012047158337476866,8.260032653808594,62.36330032348633,1.0
train,3021,72.08626063403044,1.8905742741573262,0.310969796234812,0.011744932328586408,8.146439552307129,61.526039123535156,1.0
train,3022,72.06808747208865,1.862189328151442,0.31112315041478894,0.01175461297072211,8.528698921203613,64.43437957763672,1.0
train,3023,72.08857490882916,1.8601734092983186,0.3114887137051864,0.011772317618294871,8.28173828125,62.589290618896484,1.0
train,3024,72.06501065982465,1.8324162762024618,0.3111664478568598,0.011764027184294971,7.947117805480957,60.08026123046875,1.0
train,3025,72.12105387782945,1.8558479278374627,0.3106203836440342,0.011747264927050832,8.0443115234375,60.83515167236328,1.0
train,3026,72.11106355278386,1.8324480164936512,0.31071631357951607,0.011754776439824878,8.012277603149414,60.6129264831543,1.0
train,3027,72.20278890465276,1.8783408094141625,0.31083157941006584,0.011763022092733878,7.984788417816162,60.42494583129883,1.0
train,3028,72.28632596487358,1.899500716007371,0.3120780502358418,0.01181409376650883,8.222078323364258,62.241180419921875,1.0
train,3029,72.3350485987686,1.9296230116563973,0.3124903467082733,0.01183360748913386,7.886929512023926,59.72381591796875,1.0
train,3030,72.22977699310492,1.876060100601481,0.31093136382286163,0.011778457065888636,8.228236198425293,62.32894515991211,1.0
train,3031,72.31422447207382,1.8940601844382818,0.3115885225443277,0.01180724550210887,8.16873836517334,61.89866256713867,1.0
train,3032,72.25067981729741,1.8143847116916292,0.31106708427510155,0.0117913742206197,8.0787992477417,61.237342834472656,1.0
train,3033,72.2494648536657,1.8417421739440762,0.3106396448642746,0.011779054219811865,8.332435607910156,63.18074417114258,1.0
train,3034,72.28389099880404,1.849749107653956,0.3103939290889401,0.011773616531012875,8.442255020141602,64.03456115722656,1.0
train,3035,72.32325489757439,1.8456407722168862,0.3099405440139631,0.011760292957031014,8.285568237304688,62.8668098449707,1.0
train,3036,72.3563010518995,1.8507379782404867,0.3110564978969782,0.011806524200759776,8.005000114440918,60.75800704956055,1.0
train,3037,72.42670433694872,1.8787292022649247,0.31116711295135197,0.011814611928392671,7.911136627197266,60.06535720825195,1.0
train,3038,72.38314817940146,1.8254256124597654,0.3107039587339812,0.011800909974226987,8.100275993347168,61.52164840698242,1.0
train,3039,72.38676507910048,1.829950538520799,0.3100245566844417,0.011778980386832368,8.001517295837402,60.79156494140625,1.0
train,3040,72.45400755038159,1.8555744923474018,0.31024315991420864,0.011791163584331398,8.233935356140137,62.57795333862305,1.0
test,3040,71.65840516230818,1.3196726300630488,0.3197757350432496,0.012153460541200752,7.943292140960693,60.36906814575195,1.0
train,3041,72.48967751573826,1.8563816365068577,0.3108094903169165,0.011816572380999894,8.090438842773438,61.50761795043945,1.0
train,3042,72.49240213639126,1.8490856183216418,0.3103988206390928,0.011804838851492416,8.095260620117188,61.564510345458984,1.0
train,3043,72.52785615610458,1.8874582932015456,0.3102213171782007,0.011801965561002376,7.921360969543457,60.26180648803711,1.0
train,3044,72.52919205108319,1.8502709269741713,0.31075409974015505,0.011826118616760792,8.140828132629395,61.951759338378906,1.0
train,3045,72.57721051949963,1.8715058294269047,0.31040817174203134,0.011816833627544798,7.657174587249756,58.290283203125,1.0
train,3046,72.54062393808208,1.8371852284336194,0.30994504264890166,0.011803076833533535,7.969430446624756,60.6872673034668,1.0
train,3047,72.59738256326753,1.8557121676051742,0.3107512634924991,0.011837662687030659,8.495060920715332,64.71117401123047,1.0
train,3048,72.61662543164563,1.8513650681306886,0.3105937156579541,0.011835543141667973,8.074434280395508,61.5272331237793,1.0
train,3049,72.662050924849,1.8502526700256772,0.3105462838824398,0.011837617137783866,8.179489135742188,62.34821319580078,1.0
train,3050,72.69346155249676,1.8676076247672044,0.3104729790239163,0.01183870337684452,8.071627616882324,61.54621505737305,1.0
train,3051,72.67479782020744,1.850002870863277,0.3102119723563224,0.011832628144553237,8.314616203308105,63.4197883605957,1.0
train,3052,72.68816783582602,1.8600007303896031,0.3103478616992938,0.01184169042535267,8.387585639953613,63.9973258972168,1.0
train,3053,72.74007420238016,1.8491970973707492,0.310181089080911,0.011839203894359874,8.379966735839844,63.96014404296875,1.0
train,3054,72.72174656543808,1.8525430432964147,0.30954195490870945,0.011818677871776208,8.100468635559082,61.84712600708008,1.0
train,3055,72.76803056791594,1.8474413456168317,0.3106018279962299,0.011863027214155332,8.143184661865234,62.19363021850586,1.0
train,3056,72.82985055799935,1.8736651155741888,0.3108041849146821,0.011874640633603632,8.063969612121582,61.60877227783203,1.0
train,3057,72.79711723676584,1.8264304676467666,0.3096535351526768,0.011834548983801988,8.00001049041748,61.1401252746582,1.0
train,3058,72.8082207276016,1.8471360442143763,0.3102427293126329,0.011860944852435723,8.282866477966309,63.32257080078125,1.0
train,3059,72.84743981582972,1.838377100096227,0.3092172980701099,0.011825606238293034,8.414406776428223,64.34923553466797,1.0
train,3060,72.88804385830446,1.8665714619842764,0.30977635151555677,0.011850858314440658,8.161300659179688,62.43400955200195,1.0
test,3060,72.08922456888213,1.3158185731041077,0.3188305665178929,0.012197237948057653,7.866296291351318,60.17721176147461,1.0
train,3061,72.8931710738382,1.834019280945561,0.3112882069079291,0.011912586832382036,8.2166748046875,62.878150939941406,1.0
train,3062,72.88744745069575,1.8248010154525918,0.31003508723091827,0.011868506655339332,8.24984073638916,63.152584075927734,1.0
train,3063,72.9278032740437,1.8397284548578356,0.3097275518646966,0.011860605048174018,8.41054916381836,64.4038314819336,1.0
train,3064,72.9651429741277,1.844281472611942,0.30976913667100275,0.011866069210072668,7.877736568450928,60.343505859375,1.0
train,3065,73.02001334231196,1.8848566640832247,0.31007705936927393,0.011881740124945294,8.158282279968262,62.51288986206055,1.0
train,3066,73.02342042389084,1.840516934497776,0.30979951397211525,0.011874977061483742,8.434659004211426,64.6517105102539,1.0
train,3067,73.04764166900713,1.8672300632559158,0.3098758232711306,0.011881775146452217,8.010576248168945,61.421138763427734,1.0
train,3068,73.03572144771817,1.8482584724747302,0.3100436811171475,0.011892086590136696,8.146890640258789,62.4866943359375,1.0
train,3069,73.09726151467416,1.8607887075447225,0.3095331069884874,0.01187637170153405,8.499734878540039,65.21427154541016,1.0
train,3070,73.08395581990426,1.8580542270229101,0.30976717558440997,0.011889224303271275,8.19559383392334,62.9012336730957,1.0
train,3071,73.027194098854,1.800809961424352,0.30940723454084235,0.011879276551260401,7.391480922698975,56.748146057128906,1.0
train,3072,73.1554628882354,1.8475752243226236,0.3096977335779474,0.011894300707432023,8.604007720947266,66.0788345336914,1.0
train,3073,73.20219774801043,1.8594486949821554,0.30992985713887555,0.011907089417854714,8.117424011230469,62.362159729003906,1.0
train,3074,73.20158026116347,1.8654730106246284,0.309251691760312,0.011884900473182004,8.134162902832031,62.51108932495117,1.0
train,3075,73.20712089050048,1.8746524284577746,0.3095271309085962,0.011899354620698825,8.001591682434082,61.51227951049805,1.0
train,3076,73.23854745529181,1.8585330922656822,0.3091759142577321,0.011889716880962058,8.193621635437012,63.00899887084961,1.0
train,3077,73.2441588317,1.8537417682936634,0.30962800683008634,0.011910972586049229,8.227412223815918,63.2894172668457,1.0
train,3078,73.28181765151905,1.8542113989820594,0.30964558961144567,0.011915519154790458,8.325586318969727,64.06544494628906,1.0
train,3079,73.25967049066548,1.8312852079947701,0.30951851050233475,0.011914497598696337,7.949671268463135,61.1926383972168,1.0
train,3080,73.32191222184227,1.858393111160898,0.30990771779724413,0.011933353067658355,8.195648193359375,63.106544494628906,1.0
test,3080,72.59046283761697,1.3537858733098163,0.3171149338100692,0.0122108752085306,8.06434154510498,62.09548568725586,1.0
train,3081,73.29496043233526,1.8224094501136643,0.30906256484845773,0.011904672377171842,7.906369209289551,60.89885330200195,1.0
train,3082,73.39687178800536,1.873199281437773,0.30992066655192146,0.011941598916210404,8.027884483337402,61.854896545410156,1.0
train,3083,73.3979935881597,1.8434556025181592,0.30912056485681016,0.011914633700441076,8.225992202758789,63.40188217163086,1.0
train,3084,73.3697428670158,1.8306321843046431,0.3093420175942492,0.011927035684956426,8.466119766235352,65.27384185791016,1.0
train,3085,73.47256983936029,1.8820161620557767,0.30966073603931904,0.011943194611663285,8.060094833374023,62.16352462768555,1.0
train,3086,73.44616810044569,1.8423158692388888,0.3091244716762929,0.011926375291980275,8.560284614562988,66.04264831542969,1.0
train,3087,73.4606297085061,1.8304891799161864,0.30946668686990636,0.011943446291883254,7.852524757385254,60.601905822753906,1.0
train,3088,73.52756664110024,1.858180518207906,0.3090347425430806,0.011930638535482126,8.041290283203125,62.07880783081055,1.0
train,3089,73.52435894270673,1.8444404225187165,0.3093685962496945,0.011947394059161558,7.878255367279053,60.839881896972656,1.0
train,3090,73.53334550128243,1.8504229593399109,0.3092011431831167,0.011944791877464174,8.316304206848145,64.24349975585938,1.0
train,3091,73.55644355045322,1.8471330097643743,0.30941871213162725,0.011957064160558067,7.901824951171875,61.0614013671875,1.0
train,3092,73.54793161391514,1.8328281658017676,0.3086566827343446,0.011931474396430997,8.266928672790527,63.90340805053711,1.0
train,3093,73.61825642479326,1.857509173362891,0.3095432334534205,0.011969613924201069,8.311972618103027,64.27238464355469,1.0
train,3094,73.59574593670675,1.822637301855719,0.30885248292377915,0.011946763814928691,8.37773609161377,64.80183410644531,1.0
train,3095,73.60677665099092,1.8352930073854996,0.30917119997305786,0.011962956404877514,8.230318069458008,63.68212890625,1.0
train,3096,73.65159703522343,1.8254274995694264,0.30900997283299064,0.011960580179770206,8.195737838745117,63.43505859375,1.0
train,3097,73.632291026836,1.8151576282600321,0.3089510571856312,0.011962161285090476,7.72076416015625,59.7780647277832,1.0
train,3098,73.75637270232674,1.8753410308648064,0.3091443693773065,0.011973509986259555,8.157798767089844,63.18220138549805,1.0
train,3099,73.74104095525982,1.8601732445949606,0.30885453822627595,0.011966144794655176,7.789618015289307,60.3501091003418,1.0
train,3100,73.74928323890192,1.8378934640392384,0.3087047265642866,0.011964198970816317,8.160801887512207,63.246273040771484,1.0
test,3100,72.98448287910837,1.374257083695354,0.31812752904590186,0.012329390281644103,8.211305618286133,63.637672424316406,1.0
train,3101,73.7875524493656,1.8655153924276922,0.3092822930859071,0.011990448853184763,8.183855056762695,63.44538497924805,1.0
train,3102,73.78299708947392,1.838984902944052,0.309326444054278,0.011996026719358356,8.123019218444824,62.99406814575195,1.0
train,3103,73.7965582307773,1.8250425152406997,0.30934732578806595,0.012000702991322588,8.182842254638672,63.478450775146484,1.0
train,3104,73.80019196371782,1.8260946235419453,0.3086631592053701,0.011978019595702697,8.024432182312012,62.269649505615234,1.0
train,3105,73.85870477457951,1.8487516948254694,0.30842062583390145,0.011972462688882624,8.17119312286377,63.42893600463867,1.0
train,3106,73.88723367411184,1.844542262234009,0.3091826468564371,0.012005907689043317,7.8592658042907715,61.027252197265625,1.0
train,3107,73.8842683827707,1.8422719660234503,0.30854347429997836,0.011984944312150098,8.100395202636719,62.91986846923828,1.0
train,3108,73.91152193116217,1.8504191460384365,0.3086214662252483,0.011991831183116865,8.245989799499512,64.07139587402344,1.0
train,3109,73.93179018960696,1.8179215962660866,0.3087062682156331,0.011998984701477346,8.026824951171875,62.3885498046875,1.0
train,3110,73.97823161778763,1.8508631081272298,0.3088253627013602,0.012007473670044894,8.0049409866333,62.23846435546875,1.0
train,3111,73.92945512031139,1.7874433738688955,0.30839403391844006,0.011994557667043123,7.98421049118042,62.09724044799805,1.0
train,3112,73.98543142408754,1.8184349710497278,0.30885263366922544,0.01201625453932459,7.947572231292725,61.83216094970703,1.0
train,3113,74.05682055364805,1.8448423015037563,0.308694179268316,0.012013947986345953,8.209299087524414,63.888916015625,1.0
train,3114,74.04907302772698,1.8449518236536444,0.30840868972571744,0.012006691853646053,8.284591674804688,64.49559783935547,1.0
train,3115,74.06400766383149,1.8399141397486665,0.3084873865255278,0.012013611313941712,8.184826850891113,63.73938751220703,1.0
train,3116,74.08091922038386,1.8398444786029904,0.30907656533178113,0.012040419132104227,8.086723327636719,62.99562454223633,1.0
train,3117,74.0996286257518,1.8381747103766823,0.3084197709118103,0.012018687841328113,8.161755561828613,63.60053253173828,1.0
train,3118,74.11163256659509,1.8373742660148389,0.3086180905043054,0.012030273419302608,8.491057395935059,66.1878433227539,1.0
train,3119,74.12424075939347,1.8357586516943163,0.3089402733030574,0.012046693827245443,8.042271614074707,62.70966339111328,1.0
train,3120,74.16738176119009,1.8416301030795128,0.307942433362473,0.01201163334997996,7.927247047424316,61.83256912231445,1.0
test,3120,73.48326949138233,1.3842747313068753,0.31672636080599365,0.012354260102234671,8.38632869720459,65.41341400146484,1.0
train,3121,74.16177382121974,1.8179895070896366,0.30814304414617244,0.012023309797143042,8.026914596557617,62.63004684448242,1.0
train,3122,74.20713030371611,1.8246166370222956,0.3081332512753288,0.012026778973519359,7.797036647796631,60.85591506958008,1.0
train,3123,74.23712559632665,1.8199769266786656,0.3079966591515037,0.01202529720626018,8.035719871520996,62.738929748535156,1.0
train,3124,74.231829780386,1.8267047350283643,0.3089867866479823,0.01206781729306833,8.311198234558105,64.91051483154297,1.0
train,3125,74.31053537368076,1.8519457284234357,0.3082436876684329,0.012042647409519892,8.26811695098877,64.59471893310547,1.0
train,3126,74.3087681066497,1.833434176453731,0.3086947843437879,0.012064129421207128,8.264368057250977,64.5860824584961,1.0
train,3127,74.32558336198613,1.8360020832574022,0.3081745094665014,0.01204764830675266,8.015538215637207,62.66151809692383,1.0
train,3128,74.29660033621371,1.809016641225302,0.3082457080761504,0.012054284402139669,8.253865242004395,64.54527282714844,1.0
train,3129,74.37756448432373,1.8385472414565966,0.3077810973506946,0.01203996217228554,8.029796600341797,62.81313705444336,1.0
train,3130,74.37525821019999,1.8284917999613735,0.30793274447807145,0.012049743168286558,7.930751800537109,62.05817794799805,1.0
train,3131,74.42871005535999,1.850700314211575,0.30753831901787576,0.012038152715656239,7.965785980224609,62.35223388671875,1.0
train,3132,74.44019325443384,1.8526603260452041,0.30813854620912945,0.012065499107141104,7.936560153961182,62.143310546875,1.0
train,3133,74.4129988931711,1.803654447039797,0.30774666736992207,0.012054001114662188,7.940942287445068,62.197486877441406,1.0
train,3134,74.46688154369232,1.821238476236443,0.30830013346331836,0.012079532963987288,8.160812377929688,63.94002151489258,1.0
train,3135,74.4886655113089,1.8304357881123794,0.30828061820908514,0.012082621457578008,8.139866828918457,63.7962532043457,1.0
train,3136,74.5027370431944,1.8302895957368919,0.30800252147441465,0.012075571497127619,8.408598899841309,65.9234619140625,1.0
train,3137,74.53326170077221,1.8248103393376027,0.307960603074019,0.012077777163555908,8.23845100402832,64.61009979248047,1.0
train,3138,74.51684556912905,1.7960931754923548,0.3080441558313073,0.012084904150840096,8.144515037536621,63.893768310546875,1.0
train,3139,74.54378456202262,1.8117268405639335,0.3081267964390665,0.012091997430724737,8.121444702148438,63.73309326171875,1.0
train,3140,74.609509919966,1.829149915497686,0.30766789170791065,0.01207783383197762,8.008077621459961,62.863460540771484,1.0
test,3140,73.87315042934274,1.3493954449352363,0.3162074587082152,0.012413063714609101,8.152861595153809,64.00001525878906,1.0
train,3141,74.60486188791542,1.8279075804011446,0.3078032269217878,0.012086993716866213,7.7978835105896,61.2329216003418,1.0
train,3142,74.62366442884493,1.8385800397574923,0.307752405467419,0.012088844551215084,8.08750057220459,63.52737045288086,1.0
train,3143,74.70311961782924,1.8391746775030087,0.3081162882252486,0.012106989324664344,8.166704177856445,64.16993713378906,1.0
train,3144,74.68709400063943,1.8439865251883805,0.3078643639707932,0.012100938240741476,8.263585090637207,64.95183563232422,1.0
train,3145,74.69333476441011,1.8042167889692389,0.30742888340704005,0.01208766368797544,8.256372451782227,64.915771484375,1.0
train,3146,74.72691126913105,1.8157770468819678,0.307712591222211,0.012102664695960691,8.020819664001465,63.08378219604492,1.0
train,3147,74.74081459143116,1.8307525573350814,0.3076784885544677,0.012105168998142572,8.163334846496582,64.22509002685547,1.0
train,3148,74.80020853175901,1.8419891368588204,0.30855518987315766,0.012143518108735336,8.3428316116333,65.65813446044922,1.0
train,3149,74.80387886792715,1.8385413093441274,0.3077141070514209,0.01211426244022819,8.413704872131348,66.23695373535156,1.0
train,3150,74.81897839442566,1.8166035618312708,0.3072795093255823,0.012100993561720091,7.9997100830078125,62.99776840209961,1.0
train,3151,74.86160589023427,1.8486806350970417,0.30748267719870387,0.01211283767754112,8.079863548278809,63.649169921875,1.0
train,3152,74.87224890956327,1.8362116333856453,0.3079844020113507,0.012136451824723407,8.072491645812988,63.61127471923828,1.0
train,3153,74.86386458183705,1.8219096842939235,0.3068104418389229,0.012094025426741043,8.274065017700195,65.2203598022461,1.0
train,3154,74.90061617926979,1.8211964601306656,0.30742412166546607,0.012122058218277991,8.333579063415527,65.71031951904297,1.0
train,3155,74.8870580891659,1.8091259875055028,0.30737868517342826,0.012124108458689161,7.897913455963135,62.294837951660156,1.0
train,3156,74.98969107724527,1.8435993215516946,0.3076722172647442,0.012139531926369698,7.999701023101807,63.1176872253418,1.0
train,3157,74.95540388590942,1.8023441034143242,0.3077346426289988,0.012145841283339684,8.168390274047852,64.46907043457031,1.0
train,3158,74.98720257420963,1.8165389841570332,0.30750310878983966,0.012140546382044875,8.158594131469727,64.41214752197266,1.0
train,3159,75.00612337773335,1.829793539930079,0.30740152729591347,0.012140377972589435,8.395330429077148,66.30216979980469,1.0
train,3160,74.99948393413098,1.809547949133886,0.30688306834293816,0.012123737842109534,8.095823287963867,63.9570426940918,1.0
test,3160,74.39365580663268,1.4379922334075474,0.31587901655315415,0.012479132221899739,8.054154396057129,63.62786865234375,1.0
train,3161,75.04855679436302,1.8256086844295274,0.3074045547669596,0.012148181883530139,8.334888458251953,65.86650848388672,1.0
train,3162,75.08827047560881,1.829112354757321,0.3072347169911691,0.012145310191026966,7.98634672164917,63.13212203979492,1.0
train,3163,75.07647334635149,1.8172344761892767,0.30683891877035846,0.012133498975695664,8.19386100769043,64.79299926757812,1.0
train,3164,75.08658339957199,1.8052279922144778,0.3067151888621582,0.01213243981281503,7.952029705047607,62.900604248046875,1.0
train,3165,75.12907261993263,1.8187674317567548,0.3072942858687958,0.012159187394524455,8.275965690612793,65.48362731933594,1.0
train,3166,75.1638026008927,1.8309371228013944,0.30712747277246916,0.012156425552724698,8.285353660583496,65.57862854003906,1.0
train,3167,75.17139267598671,1.8362168703941124,0.306967569540326,0.012153933127007143,7.8843278884887695,62.42422103881836,1.0
train,3168,75.19671784117246,1.8409987560262446,0.3072369390907106,0.01216843849910425,8.26508617401123,65.45953369140625,1.0
train,3169,75.24524145757938,1.8220616803690928,0.3070225511502748,0.012163784839871022,8.544528007507324,67.69408416748047,1.0
train,3170,75.21700039251881,1.8159321723209385,0.3068651463843247,0.012161384123800164,8.219038963317871,65.13594055175781,1.0
train,3171,75.27716098789588,1.8482630674192595,0.30735007494393607,0.012184443837480149,7.9318108558654785,62.87947463989258,1.0
train,3172,75.25068373109585,1.8215268746078386,0.3064006242916081,0.012150633880929861,7.827861309051514,62.074989318847656,1.0
train,3173,75.30235037330826,1.8145963443402968,0.30734859889477456,0.01219206826827258,8.179665565490723,64.88524627685547,1.0
train,3174,75.34541475175284,1.8272837036222143,0.30762376586378076,0.012206828651013078,8.41244888305664,66.7528305053711,1.0
train,3175,75.3722627502285,1.8480562809575316,0.30597752997869104,0.012145328648006987,8.167760848999023,64.83165740966797,1.0
train,3176,75.3705869131022,1.815726725818733,0.30717148206803635,0.012196560082137917,8.002982139587402,63.543731689453125,1.0
train,3177,75.3486662277406,1.8034720534245434,0.3066485300632872,0.012179628457463915,7.929299354553223,62.9785041809082,1.0
train,3178,75.41365657880374,1.8225579734604043,0.3070061408334977,0.012197669424124572,8.3287935256958,66.17230987548828,1.0
train,3179,75.44497193253787,1.82247518350299,0.30686492026615525,0.0121958940138021,8.122197151184082,64.55121612548828,1.0
train,3180,75.45184749654916,1.8084248313526945,0.3073142268393356,0.012217592085080302,8.6192045211792,68.52272033691406,1.0
test,3180,74.73640214422187,1.3359295286991837,0.3161755679228067,0.012569883782728304,7.790702819824219,61.93613815307617,1.0
train,3181,75.47583611073443,1.80002794988069,0.30712521996552195,0.012213916604422836,7.998983860015869,63.611968994140625,1.0
train,3182,75.51850788383051,1.854034744860094,0.3073114631728205,0.012225164230985896,8.096203804016113,64.40535736083984,1.0
train,3183,75.49635891124001,1.8051731515794371,0.3070123290736467,0.012217101641004154,7.80746603012085,62.127960205078125,1.0
train,3184,75.54716179879472,1.8202237555974576,0.30704525299574753,0.012222249481653787,8.15543270111084,64.91729736328125,1.0
train,3185,75.5226504524418,1.7919002216114388,0.30588399382506454,0.012179847543448218,8.06821060180664,64.24317932128906,1.0
train,3186,75.56491266970141,1.8053573429737169,0.307154262192381,0.01223426679258432,8.090662002563477,64.4421615600586,1.0
train,3187,75.61970678581407,1.8289602665599345,0.3070399664366939,0.01223355189211987,8.269752502441406,65.8893051147461,1.0
train,3188,75.6070795962979,1.8064832467540821,0.30702668967109176,0.012236860348931379,8.367476463317871,66.68883514404297,1.0
train,3189,75.67573892682016,1.8292483076087904,0.3065571294701496,0.012221977131441193,8.141133308410645,64.90523529052734,1.0
train,3190,75.68698027715813,1.8296684575002358,0.305803275919641,0.012195744269492156,8.318669319152832,66.3414306640625,1.0
train,3191,75.68998604365159,1.823677587805761,0.3062780159016123,0.01221850547299865,8.222426414489746,65.59445190429688,1.0
train,3192,75.69366333085976,1.81933740587231,0.306931865202216,0.012248426082078285,8.25449275970459,65.87090301513672,1.0
train,3193,75.74423235360406,1.8335388607914265,0.30603099924890803,0.012216301121288782,8.055081367492676,64.29973602294922,1.0
train,3194,75.79097170782666,1.8365291563355788,0.30659466508627375,0.012242633871019986,8.184697151184082,65.35485076904297,1.0
train,3195,75.77730862351943,1.8079909887498784,0.306448626247815,0.012240632617833515,8.339598655700684,66.61258697509766,1.0
train,3196,75.82876296031183,1.8441617137296182,0.3067874943342045,0.012258002657554948,8.109162330627441,64.79225158691406,1.0
train,3197,75.83018105064082,1.8144443203493041,0.30615483872671506,0.012236550819729358,8.10009479522705,64.74005126953125,1.0
train,3198,75.83536728859994,1.8223131098155787,0.30609018498185875,0.012237792450985158,7.7484283447265625,61.94873046875,1.0
train,3199,75.89045901251416,1.8301346182517853,0.30589337005224415,0.01223374687755114,7.984077453613281,63.85270309448242,1.0
train,3200,75.88573434315363,1.816636265218367,0.30602473005287123,0.012242825350495168,7.9639739990234375,63.711830139160156,1.0
test,3200,75.12570731618493,1.3397259779379402,0.3123743599067773,0.012496848642430535,8.045557022094727,64.364501953125,1.0
train,3201,75.88049455147892,1.8161321333638487,0.3064524507156188,0.01226376701589743,7.7827911376953125,62.28184127807617,1.0
train,3202,76.01353912409347,1.8501346865897208,0.3064466854001941,0.012267366497138459,8.238496780395508,65.94921112060547,1.0
train,3203,76.01941196847825,1.836079862324519,0.3069123408753402,0.012289843170920406,8.09619426727295,64.83033752441406,1.0
train,3204,75.9685447098264,1.8416551016993545,0.30639070370587246,0.01227278449568891,8.067987442016602,64.62462615966797,1.0
train,3205,75.96920092987831,1.7889770664141111,0.30582153077444835,0.01225380809445142,8.068382263183594,64.64796447753906,1.0
train,3206,76.04373683433937,1.8263986882734247,0.30636407898931856,0.012279376352240289,8.186827659606934,65.61746978759766,1.0
train,3207,76.03955434610064,1.8075059178195678,0.30619522385051123,0.012276435528242266,8.375114440917969,67.14753723144531,1.0
train,3208,76.02696384914272,1.795153629374164,0.305927283590284,0.012269516576399096,8.057123184204102,64.61817932128906,1.0
train,3209,76.10522928248383,1.8352469295274194,0.306372872473685,0.012291216637640717,8.151787757873535,65.39776611328125,1.0
train,3210,76.07355105096151,1.7936181502162516,0.3065415007964273,0.012301813136692666,7.725436687469482,61.996673583984375,1.0
train,3211,76.11550852234356,1.8167133045161639,0.3060416944987426,0.012285580555036976,8.249290466308594,66.22122955322266,1.0
train,3212,76.18610305311564,1.8269109073419776,0.3061301157756293,0.012292956337134436,8.198931694030762,65.83747863769531,1.0
train,3213,76.17356476433059,1.8441952434250866,0.3063356174115859,0.012305037270043506,8.255295753479004,66.31071472167969,1.0
train,3214,76.19275935787532,1.8224039730291162,0.3055697935560096,0.012278094527402635,8.06515884399414,64.80360412597656,1.0
train,3215,76.20675310231896,1.812036893239529,0.3060722993138157,0.01230211122361424,8.132715225219727,65.36674499511719,1.0
train,3216,76.23540616585055,1.8066699254482255,0.30581208405981475,0.012295474535467232,8.439961433410645,67.85733795166016,1.0
train,3217,76.27646305881225,1.8133238824871578,0.3063563504936143,0.012321186372254982,8.277863502502441,66.57476806640625,1.0
train,3218,76.31610186702814,1.838671877233266,0.30577861857074023,0.012301772723700534,8.306509971618652,66.82592010498047,1.0
train,3219,76.31790579311847,1.833376918308385,0.30604555176763887,0.012316336893979124,8.204694747924805,66.02733612060547,1.0
train,3220,76.31925746332888,1.8110000716431691,0.30572662744337153,0.01230732347119468,8.197722434997559,65.99171447753906,1.0
test,3220,75.58607738572326,1.3314802254578608,0.3136112317102187,0.012624725903445775,8.1561918258667,65.65740203857422,1.0
train,3221,76.33060266052983,1.8041185615614923,0.30578072551751023,0.012313323118757817,8.533659934997559,68.71734619140625,1.0
train,3222,76.34671015203806,1.810424416657555,0.30508039288149186,0.01228893491594857,7.975223064422607,64.24047088623047,1.0
train,3223,76.3832414601253,1.818622406262685,0.30583655297690765,0.012323216354574132,8.153693199157715,65.69842529296875,1.0
train,3224,76.42135090554018,1.8063978578335105,0.3062291401801334,0.012342862537226256,8.518476486206055,68.65897369384766,1.0
train,3225,76.45709337945652,1.8247847572770521,0.3055811050476454,0.012320562234453962,8.079484939575195,65.1408920288086,1.0
train,3226,76.46669401914873,1.820137021134199,0.3059102423758983,0.01233765604317948,8.215243339538574,66.2559814453125,1.0
train,3227,76.47993195942371,1.8330173792526743,0.3060528008090765,0.012347230840158954,8.405092239379883,67.8081283569336,1.0
train,3228,76.47750316554271,1.8196034045870209,0.304741732070091,0.012298146673459971,7.959245204925537,64.23116302490234,1.0
train,3229,76.54544296013405,1.8164053315694106,0.30571313363224256,0.012341169552932093,7.845948219299316,63.336463928222656,1.0
train,3230,76.50825388824988,1.7956700162751484,0.3050063398789016,0.012316449572912183,8.027986526489258,64.82604217529297,1.0
train,3231,76.51583763482672,1.783151466768825,0.304851899773395,0.012314023400485515,8.055863380432129,65.07128143310547,1.0
train,3232,76.62413637096351,1.8491016838780001,0.3059834418521885,0.012363554712141856,8.16338062286377,65.96016693115234,1.0
train,3233,76.59754259909984,1.8126744292308419,0.3056420759975016,0.012353581640969384,8.125528335571289,65.67463684082031,1.0
train,3234,76.60529120536327,1.780746998736329,0.3054448199978775,0.01234942653592934,8.137710571289062,65.79344177246094,1.0
train,3235,76.63560856003662,1.8277407107752757,0.3051389351547135,0.012340873174101246,8.148953437805176,65.90471649169922,1.0
train,3236,76.67559268419619,1.8002795077399636,0.3054390798066939,0.012356829667901019,7.801602363586426,63.11500930786133,1.0
train,3237,76.71359429078534,1.8122821756217056,0.30534438933377034,0.01235681529757568,7.844819068908691,63.484249114990234,1.0
train,3238,76.76301963574451,1.8416405212648004,0.30564011909828226,0.01237260314331191,7.837937831878662,63.448158264160156,1.0
train,3239,76.71690999549952,1.8041474237312907,0.3049378072303858,0.012347984231365529,8.314826965332031,67.32936096191406,1.0
train,3240,76.75524160899481,1.7895422697154497,0.3052306330513701,0.012363656760847148,7.803442478179932,63.207923889160156,1.0
test,3240,76.04023885997314,1.3383367052456787,0.314506322826876,0.0127393773871093,8.16855525970459,66.16534423828125,1.0
train,3241,76.76020883894472,1.8074121039034987,0.30500268569762046,0.012358235689051393,7.9549560546875,64.45507049560547,1.0
train,3242,76.78525972279095,1.8232849964151616,0.305435720835245,0.012379599165797972,7.768886089324951,62.96685791015625,1.0
train,3243,76.84328182651758,1.8448303619060942,0.30569677705342546,0.012394000849263788,8.664107322692871,70.24430084228516,1.0
train,3244,76.80165776498058,1.7902706298381472,0.30458214428675207,0.012352616691675585,8.127601623535156,65.91490173339844,1.0
train,3245,76.86091367831128,1.8041540006992802,0.3055858291028578,0.012397141518756403,8.240001678466797,66.84706115722656,1.0
train,3246,76.8636856804913,1.7913562873759377,0.30516462329539285,0.012383868030984499,8.292887687683105,67.29682922363281,1.0
train,3247,76.90180079840148,1.8096940438039915,0.3054419000027514,0.012398937823050064,8.135165214538574,66.0372543334961,1.0
train,3248,76.92113939013797,1.8157986648955975,0.3047827585599294,0.012375990407118983,8.197299003601074,66.56211853027344,1.0
train,3249,76.94705035771113,1.7961948700453656,0.30530483121624197,0.012401005586836013,8.294798851013184,67.37454986572266,1.0
train,3250,76.94071256412153,1.7812859304562794,0.30511356385862964,0.012397050143542242,8.218551635742188,66.7757797241211,1.0
train,3251,76.98962853742614,1.8220549107819217,0.30504499212796116,0.012398076690934541,8.060023307800293,65.50788879394531,1.0
train,3252,76.98826050296006,1.7988125926358682,0.30507261064782754,0.012403012228778387,8.422087669372559,68.47161102294922,1.0
train,3253,77.00104244384319,1.795778751198817,0.3048955950159491,0.01239962630657296,8.2127685546875,66.79039001464844,1.0
train,3254,76.99928572899337,1.7801998625558852,0.30461145659920236,0.012391878104638836,7.884095668792725,64.13716125488281,1.0
train,3255,77.0774708178032,1.8111252350289002,0.304480943843815,0.012390374355243402,7.893457889556885,64.2330551147461,1.0
train,3256,77.12320121042117,1.8186753151227475,0.3051893497359565,0.012423016307097365,8.150949478149414,66.3487777709961,1.0
train,3257,77.10895223160432,1.7988818350441937,0.3047950840938497,0.012410776915025679,8.434890747070312,68.68114471435547,1.0
train,3258,77.1314526867439,1.7968912246765516,0.304809298133222,0.012415165423590151,8.159065246582031,66.45565032958984,1.0
train,3259,77.17311305001765,1.8081268438959663,0.30460551611198594,0.012410672381051887,8.284097671508789,67.4947280883789,1.0
train,3260,77.16220524910383,1.7870666917060436,0.3044322907510277,0.012407419609427078,7.934340953826904,64.66493225097656,1.0
test,3260,76.46767425397556,1.3531676453429382,0.30972160812442123,0.012622990631598306,8.079829216003418,65.85065460205078,1.0
train,3261,77.20078607552924,1.7986257911121022,0.30535795223656215,0.012448962392212428,8.216501235961914,66.98506927490234,1.0
train,3262,77.15865851861847,1.802214141298553,0.3043686880369218,0.012412435878260386,8.398877143859863,68.4928970336914,1.0
train,3263,77.29595112582506,1.8224854872334018,0.30475337924950296,0.012431932977085986,8.12928295135498,66.3146743774414,1.0
train,3264,77.25862084733144,1.8034740019490159,0.3047382649248265,0.012435125259461279,7.956834316253662,64.92781829833984,1.0
train,3265,77.35198121222655,1.8392562000820412,0.3049138652244593,0.012446101833413046,7.817246913909912,63.808326721191406,1.0
train,3266,77.28490280782265,1.7852460328711723,0.3044443441056699,0.012430741897520223,8.06959056854248,65.88824462890625,1.0
train,3267,77.30747642754375,1.7979804051912534,0.30498514130051824,0.012456635076202136,8.23725414276123,67.27783203125,1.0
train,3268,77.40382815157587,1.8180809509523004,0.304424798144031,0.01243755367686469,7.896484375,64.51432037353516,1.0
train,3269,77.3465264631286,1.7835458950206031,0.30429326366950776,0.012435983000983286,8.45294189453125,69.08172607421875,1.0
train,3270,77.40823393011111,1.783253373482094,0.3044570367326677,0.012446481478677477,7.712159633636475,63.04695510864258,1.0
train,3271,77.4403576590925,1.8136909560236005,0.30519694214202175,0.012480544067256153,8.500009536743164,69.50887298583984,1.0
train,3272,77.43331325738978,1.8124827452295655,0.3047014223190179,0.012464088958253742,7.950145244598389,65.0322265625,1.0
train,3273,77.47548607143342,1.8006009277388415,0.30418462645122085,0.012446750880597119,8.258490562438965,67.57513427734375,1.0
train,3274,77.53549277245934,1.8357354843524887,0.3051108343889981,0.012488463339623904,7.975653171539307,65.28077697753906,1.0
train,3275,77.46978441804397,1.7896516327451446,0.304457995641201,0.012465547401598423,8.442766189575195,69.12519836425781,1.0
train,3276,77.53604964009581,1.808839506951174,0.30429305081135444,0.012462597281190006,8.208479881286621,67.22750091552734,1.0
train,3277,77.50183018929698,1.7608496634200341,0.30432637044025174,0.0124677656159683,7.949215888977051,65.12399291992188,1.0
train,3278,77.51945746289563,1.7782577335987169,0.3041083248290569,0.01246263360925791,8.381691932678223,68.68801879882812,1.0
train,3279,77.56135111312224,1.7636491124376115,0.3036941482259204,0.01244945607550213,7.832374572753906,64.20594024658203,1.0
train,3280,77.58877104540426,1.7873427317424262,0.3041599167601512,0.012472351130675083,8.108031272888184,66.48590087890625,1.0
test,3280,76.9052725541258,1.3827683061704745,0.3082477408395687,0.01263997603609327,8.129219055175781,66.6596450805664,1.0
train,3281,77.63955756032856,1.8053972905169815,0.30398694333949894,0.012469057656693225,7.995979309082031,65.58706665039062,1.0
train,3282,77.63258039667804,1.7888548593140765,0.30424457498404556,0.012483427971101439,8.15445613861084,66.90736389160156,1.0
train,3283,77.66539459563505,1.7671273793661242,0.30432738169095386,0.01249062931646682,7.940648555755615,65.17292785644531,1.0
train,3284,77.73244187389588,1.814304403450914,0.30420250095293455,0.012489305937861083,8.100456237792969,66.5047836303711,1.0
train,3285,77.7113843848755,1.7883810719595783,0.3043712444284483,0.012500038112365011,8.118468284606934,66.67296600341797,1.0
train,3286,77.7220401449863,1.7950090226174449,0.3040944422900873,0.012492471093566533,8.10002326965332,66.54174041748047,1.0
train,3287,77.77101920805177,1.8105925536618057,0.30441173981974684,0.012509310725506064,8.084784507751465,66.43675994873047,1.0
train,3288,77.80731401049171,1.8149376404054254,0.30425670999247123,0.012506742852712426,8.17602825164795,67.20700073242188,1.0
train,3289,77.77392584266481,1.7813834515936942,0.3038271887591153,0.012492884460216935,8.178576469421387,67.2483901977539,1.0
train,3290,77.85384962666048,1.8148806418772367,0.3039887425143161,0.012503326769622807,8.162397384643555,67.1357650756836,1.0
train,3291,77.83181406489406,1.7758090245693192,0.3042818614514459,0.012519186154565827,7.9217400550842285,65.17616271972656,1.0
train,3292,77.87626276110451,1.8044035960761697,0.3036687713466718,0.012497757031634924,8.083328247070312,66.52584075927734,1.0
train,3293,77.85835988295632,1.7598873519478724,0.3039038700364773,0.012511231144771828,7.970433235168457,65.61663055419922,1.0
train,3294,77.88997303711116,1.7789653550562212,0.30361221458638843,0.012503018934446851,8.011988639831543,65.9787826538086,1.0
train,3295,77.9229341179645,1.778981984512212,0.30394888360379074,0.01252068224280283,8.013605117797852,66.0121078491211,1.0
train,3296,77.94305664464488,1.7868376228340894,0.30334242490286184,0.012499491559456339,8.032927513122559,66.19136810302734,1.0
train,3297,77.96410935726787,1.7932813485986883,0.3040175202387486,0.012531109295836533,8.479644775390625,69.89352416992188,1.0
train,3298,77.96024358800337,1.7896139352172449,0.3038739505548683,0.012528989630768836,8.107756614685059,66.84850311279297,1.0
train,3299,78.06533728891618,1.826680540384236,0.3034788620938672,0.01251649289325923,8.1524658203125,67.23751068115234,1.0
train,3300,78.03116527268445,1.7743044426447299,0.3036221651816342,0.012526198093962854,8.445046424865723,69.67168426513672,1.0
test,3300,77.32633153965295,1.3380373348935946,0.3125093389259563,0.01289284622306189,8.330283164978027,68.72489166259766,1.0
train,3301,78.05571280352763,1.794993869908511,0.3038198468975649,0.01253815099443649,8.040590286254883,66.35501861572266,1.0
train,3302,78.11717482900777,1.7919769957089136,0.3037344817054433,0.012538424413135992,8.000185012817383,66.04156494140625,1.0
train,3303,78.11378137593387,1.802859918040929,0.3038006240615817,0.012544951955356577,8.524470329284668,70.39086151123047,1.0
train,3304,78.1693835993019,1.8250121595743503,0.3034502162717002,0.012534275184790738,8.124434471130371,67.10787200927734,1.0
train,3305,78.12516793601033,1.787989396207986,0.30386974573397085,0.012555402206204951,7.9308695793151855,65.52885437011719,1.0
train,3306,78.14819125173034,1.7695766215877484,0.3040653295757742,0.012567283848040156,8.075641632080078,66.74523162841797,1.0
train,3307,78.19329022192231,1.7931064699230899,0.30388888900985744,0.01256378963764014,8.163283348083496,67.48998260498047,1.0
train,3308,78.21611984928492,1.7894508286443682,0.30373106829813884,0.012561061056843612,8.217503547668457,67.95880126953125,1.0
train,3309,78.23181264286202,1.79739764842017,0.3034101968451904,0.012551583388550938,8.09051513671875,66.92884063720703,1.0
train,3310,78.26370522324261,1.7933156124803116,0.30392886028157196,0.01257683837709344,8.560644149780273,70.8393783569336,1.0
train,3311,78.29754519750468,1.806651073892693,0.3037961959140972,0.012575145683848002,8.1691312789917,67.62003326416016,1.0
train,3312,78.2951701248342,1.7837398318288267,0.3033927389871407,0.012562237275518091,8.11862850189209,67.22228240966797,1.0
train,3313,78.3013656175141,1.7764749704940914,0.30368911290927725,0.012578304626945704,8.143815040588379,67.4511947631836,1.0
train,3314,78.32646541825764,1.7920944654937196,0.303174504944138,0.012560779711973629,8.347311019897461,69.15752410888672,1.0
train,3315,78.3907932095854,1.8213108759243934,0.3030984189717097,0.012561415756256326,8.345473289489746,69.16316223144531,1.0
